 0.052632 -0.012531 0.047619 -0.000000 0.000000 0.000000 -0.000000 0.000000 -0.000000 0.000000 0.000000 -0.000000 0.000000 0.000000 -0.000000 -0.000000 -0.000000 0.000000 0.000000
 0.052632 -0.004595 -0.015873 0.100000 -0.100000 0.000000 -0.000000 -0.000000 -0.000000 0.055556 -0.055556 0.000000 0.000000 0.000000 0.000000 -0.000000 0.000000 0.000000 0.000000
 0.052632 -0.004595 -0.015873 -0.100000 0.100000 0.000000 0.000000 0.000000 0.000000 0.055556 -0.055556 0.000000 0.000000 0.000000 -0.000000 -0.000000 0.000000 0.000000 -0.000000
 0.052632 -0.004595 -0.015873 0.000000 0.000000 0.100000 -0.100000 -0.000000 0.000000 -0.027778 0.027778 0.083333 -0.083333 0.000000 0.000000 0.000000 0.000000 -0.000000 0.000000
 0.052632 -0.004595 -0.015873 0.000000 0.000000 -0.100000 0.100000 -0.000000 -0.000000 -0.027778 0.027778 0.083333 -0.083333 0.000000 -0.000000 -0.000000 0.000000 -0.000000 0.000000
 0.052632 -0.004595 -0.015873 -0.000000 -0.000000 0.000000 0.000000 0.100000 -0.100000 -0.027778 0.027778 -0.083333 0.083333 -0.000000 -0.000000 -0.000000 -0.000000 0.000000 0.000000
 0.052632 -0.004595 -0.015873 -0.000000 -0.000000 -0.000000 -0.000000 -0.100000 0.100000 -0.027778 0.027778 -0.083333 0.083333 -0.000000 0.000000 0.000000 0.000000 -0.000000 -0.000000
 0.052632 0.003342 0.003968 0.100000 0.025000 0.100000 0.025000 0.000000 0.000000 0.027778 0.013889 0.083333 0.041667 0.250000 -0.000000 -0.000000 0.125000 -0.125000 0.000000
 0.052632 0.003342 0.003968 -0.100000 -0.025000 0.100000 0.025000 -0.000000 -0.000000 0.027778 0.013889 0.083333 0.041667 -0.250000 0.000000 0.000000 -0.125000 -0.125000 -0.000000
 0.052632 0.003342 0.003968 0.100000 0.025000 -0.100000 -0.025000 -0.000000 -0.000000 0.027778 0.013889 0.083333 0.041667 -0.250000 0.000000 -0.000000 0.125000 0.125000 0.000000
 0.052632 0.003342 0.003968 -0.100000 -0.025000 -0.100000 -0.025000 0.000000 0.000000 0.027778 0.013889 0.083333 0.041667 0.250000 -0.000000 0.000000 -0.125000 0.125000 -0.000000
 0.052632 0.003342 0.003968 0.100000 0.025000 0.000000 0.000000 0.100000 0.025000 0.027778 0.013889 -0.083333 -0.041667 -0.000000 0.000000 0.250000 -0.125000 0.000000 0.125000
 0.052632 0.003342 0.003968 -0.100000 -0.025000 0.000000 0.000000 0.100000 0.025000 0.027778 0.013889 -0.083333 -0.041667 0.000000 -0.000000 -0.250000 0.125000 0.000000 0.125000
 0.052632 0.003342 0.003968 0.100000 0.025000 -0.000000 -0.000000 -0.100000 -0.025000 0.027778 0.013889 -0.083333 -0.041667 -0.000000 -0.000000 -0.250000 -0.125000 0.000000 -0.125000
 0.052632 0.003342 0.003968 -0.100000 -0.025000 0.000000 0.000000 -0.100000 -0.025000 0.027778 0.013889 -0.083333 -0.041667 0.000000 -0.000000 0.250000 0.125000 0.000000 -0.125000
 0.052632 0.003342 0.003968 -0.000000 -0.000000 0.100000 0.025000 0.100000 0.025000 -0.055556 -0.027778 0.000000 0.000000 -0.000000 0.250000 0.000000 0.000000 0.125000 -0.125000
 0.052632 0.003342 0.003968 0.000000 0.000000 -0.100000 -0.025000 0.100000 0.025000 -0.055556 -0.027778 0.000000 0.000000 0.000000 -0.250000 0.000000 0.000000 -0.125000 -0.125000
 0.052632 0.003342 0.003968 -0.000000 -0.000000 0.100000 0.025000 -0.100000 -0.025000 -0.055556 -0.027778 0.000000 0.000000 -0.000000 -0.250000 0.000000 0.000000 0.125000 0.125000
 0.052632 0.003342 0.003968 0.000000 0.000000 -0.100000 -0.025000 -0.100000 -0.025000 -0.055556 -0.027778 0.000000 0.000000 0.000000 0.250000 0.000000 0.000000 -0.125000 0.125000
