12.750000
2044
0.000000 0.000000 12.750000
0.972073 0.468126 12.704268
0.240082 1.051869 12.704268
-0.672696 0.843534 12.704268
-1.078920 0.000000 12.704268
-0.672696 -0.843534 12.704268
0.240082 -1.051869 12.704268
0.972073 -0.468126 12.704268
2.078398 0.143734 12.578637
1.773534 1.093150 12.578637
1.062374 1.792138 12.578637
0.107838 2.080570 12.578637
-0.871403 1.892368 12.578637
-1.651016 1.270647 12.578637
-2.052402 0.357836 12.578637
-1.983606 -0.636950 12.578637
-1.460391 -1.485819 12.578637
-0.602617 -1.994305 12.578637
0.393209 -2.045919 12.578637
1.298955 -1.628838 12.578637
1.907127 -0.838610 12.578637
3.046398 -0.216239 12.378821
2.951549 0.784641 12.378821
2.536853 1.700494 12.378821
1.847250 2.432071 12.378821
0.957469 2.900096 12.378821
-0.036069 3.053850 12.378821
-1.025698 2.876673 12.378821
-1.904177 2.387763 12.378821
-2.576309 1.640102 12.378821
-2.969258 0.714710 12.378821
-3.040441 -0.288131 12.378821
-2.782146 -1.259749 12.378821
-2.222362 -2.094853 12.378821
-1.421750 -2.702948 12.378821
-0.467070 -3.018137 12.378821
0.538224 -3.006263 12.378821
1.485194 -2.668614 12.378821
2.271220 -2.041780 12.378821
2.811123 -1.193686 12.378821
3.965083 -0.573396 12.104207
3.983110 0.430695 12.104207
3.750864 1.407723 12.104207
3.282937 2.296299 12.104207
2.608732 3.040589 12.104207
1.770610 3.593829 12.104207
0.821234 3.921255 12.104207
-0.179743 4.002294 12.104207
-1.169426 3.831854 12.104207
-2.085630 3.420645 12.104207
-2.870786 2.794504 12.104207
-3.475560 1.992774 12.104207
-3.861951 1.065831 12.104207
-4.005682 0.071918 12.104207
-3.897722 -0.926515 12.104207
-3.544853 -1.866730 12.104207
-2.969248 -2.689653 12.104207
-2.207074 -3.343574 12.104207
-1.306222 -3.787407 12.104207
-0.323295 -3.993262 12.104207
0.679946 -3.948207 12.104207
1.640464 -3.655071 12.104207
2.497905 -3.132273 12.104207
3.198393 -2.412664 12.104207
3.697915 -1.541457 12.104207
4.858335 -0.806781 11.760450
4.919908 0.220953 11.760450
4.766458 1.239031 11.760450
4.404690 2.202958 11.760450
3.850416 3.070604 11.760450
3.127861 3.804051 11.760450
2.268603 4.371242 11.760450
1.310196 4.747389 11.760450
0.294528 4.916052 11.760450
-0.734013 4.869860 11.760450
-1.730474 4.610832 11.760450
-2.651305 4.150289 11.760450
-3.456261 3.508358 11.760450
-4.110162 2.713094 11.760450
-4.584430 1.799256 11.760450
-4.858335 0.806781 11.760450
-4.919908 -0.220953 11.760450
-4.766458 -1.239031 11.760450
-4.404690 -2.202958 11.760450
-3.850416 -3.070604 11.760450
-3.127861 -3.804051 11.760450
-2.268603 -4.371242 11.760450
-1.310196 -4.747389 11.760450
-0.294528 -4.916052 11.760450
0.734013 -4.869860 11.760450
1.730474 -4.610832 11.760450
2.651305 -4.150289 11.760450
3.456261 -3.508358 11.760450
4.110162 -2.713094 11.760450
4.584430 -1.799256 11.760450
5.704755 -1.164449 11.342942
5.819491 -0.183591 11.342942
5.766810 0.802548 11.342942
5.548228 1.765600 11.342942
5.170034 2.677858 11.342942
4.643108 3.513080 11.342942
3.982607 4.247236 11.342942
3.207535 4.859208 11.342942
2.340187 5.331388 11.342942
1.405517 5.650195 11.342942
0.430412 5.806455 11.342942
-0.557075 5.795675 11.342942
-1.528535 5.618163 11.342942
-2.456023 5.279027 11.342942
-3.312855 4.788023 11.342942
-4.074383 4.159277 11.342942
-4.718698 3.410875 11.342942
-5.227264 2.564349 11.342942
-5.585452 1.644051 11.342942
-5.782956 0.676457 11.342942
-5.814096 -0.310597 11.342942
-5.677974 -1.288716 11.342942
-5.378507 -2.229762 11.342942
-4.924311 -3.106661 11.342942
-4.328451 -3.894187 11.342942
-3.608069 -4.569684 11.342942
-2.783890 -5.113720 11.342942
-1.879623 -5.510644 11.342942
-0.921283 -5.749036 11.342942
0.063560 -5.822039 11.342942
1.046575 -5.727553 11.342942
1.999482 -5.468295 11.342942
2.894868 -5.051724 11.342942
3.706973 -4.489825 11.342942
4.412436 -3.798761 11.342942
4.990961 -2.998414 11.342942
5.425905 -2.111808 11.342942
6.536246 -1.458527 10.849548
6.680624 -0.468060 10.849548
6.675767 0.532864 10.849548
6.521785 1.521883 10.849548
6.222117 2.476907 10.849548
5.783458 3.376600 10.849548
5.215605 4.200866 10.849548
4.531244 4.931292 10.849548
3.745663 5.551560 10.849548
2.876410 6.047816 10.849548
1.942903 6.408974 10.849548
0.965994 6.626965 10.849548
-0.032493 6.696922 10.849548
-1.030254 6.617280 10.849548
-2.005002 6.389819 10.849548
-2.934960 6.019620 10.849548
-3.799357 5.514952 10.849548
-4.578882 4.887090 10.849548
-5.256123 4.150058 10.849548
-5.815951 3.320321 10.849548
-6.245859 2.416413 10.849548
-6.536246 1.458527 10.849548
-6.680624 0.468060 10.849548
-6.675767 -0.532864 10.849548
-6.521785 -1.521883 10.849548
-6.222117 -2.476907 10.849548
-5.783458 -3.376600 10.849548
-5.215605 -4.200866 10.849548
-4.531244 -4.931292 10.849548
-3.745663 -5.551560 10.849548
-2.876410 -6.047816 10.849548
-1.942903 -6.408974 10.849548
-0.965994 -6.626965 10.849548
0.032493 -6.696922 10.849548
1.030254 -6.617280 10.849548
2.005002 -6.389819 10.849548
2.934960 -6.019620 10.849548
3.799357 -5.514952 10.849548
4.578882 -4.887090 10.849548
5.256123 -4.150058 10.849548
5.815951 -3.320321 10.849548
6.245859 -2.416413 10.849548
7.318365 -1.743456 10.293901
7.485447 -0.752458 10.293901
7.518951 0.251969 10.293901
7.418279 1.251899 10.293901
7.185227 2.229488 10.293901
6.823955 3.167293 10.293901
6.340910 4.048577 10.293901
5.744711 4.857614 10.293901
5.045997 5.579967 10.293901
4.257237 6.202745 10.293901
3.392507 6.714835 10.293901
2.467237 7.107099 10.293901
1.497940 7.372536 10.293901
0.501911 7.506410 10.293901
-0.503074 7.506333 10.293901
-1.499081 7.372304 10.293901
-2.468338 7.106717 10.293901
-3.393546 6.714310 10.293901
-4.258197 6.202086 10.293901
-5.046861 5.579185 10.293901
-5.745463 4.856724 10.293901
-6.341537 4.047595 10.293901
-6.824446 3.166236 10.293901
-7.185573 2.228376 10.293901
-7.418473 1.250750 10.293901
-7.518990 0.250804 10.293901
-7.485331 -0.753617 10.293901
-7.318095 -1.744589 10.293901
-7.020269 -2.704430 10.293901
-6.597165 -3.616010 10.293901
-6.056335 -4.463062 10.293901
-5.407429 -5.230471 10.293901
-4.662028 -5.904541 10.293901
-3.833432 -6.473246 10.293901
-2.936429 -6.926435 10.293901
-1.987026 -7.256021 10.293901
-1.002163 -7.456124 10.293901
0.000582 -7.523172 10.293901
1.003318 -7.455968 10.293901
1.988149 -7.255713 10.293901
2.937502 -6.925980 10.293901
3.834435 -6.472652 10.293901
4.662942 -5.903820 10.293901
5.408239 -5.229633 10.293901
6.057026 -4.462124 10.293901
6.597725 -3.614988 10.293901
7.020687 -2.703343 10.293901
8.054111 -2.017475 9.675928
8.238567 -1.031949 9.675928
8.302887 -0.031376 9.675928
8.246131 0.969655 9.675928
8.069128 1.956547 9.675928
7.774460 2.914907 9.675928
7.366422 3.830762 9.675928
6.850965 4.690755 9.675928
6.235606 5.482347 9.675928
5.529317 6.193994 9.675928
4.742399 6.815318 9.675928
3.886326 7.337260 9.675928
2.973581 7.752208 9.675928
2.017475 8.054111 9.675928
1.031949 8.238567 9.675928
0.031376 8.302887 9.675928
-0.969655 8.246131 9.675928
-1.956547 8.069128 9.675928
-2.914907 7.774460 9.675928
-3.830762 7.366422 9.675928
-4.690755 6.850965 9.675928
-5.482347 6.235606 9.675928
-6.193994 5.529317 9.675928
-6.815318 4.742399 9.675928
-7.337260 3.886326 9.675928
-7.752208 2.973581 9.675928
-8.054111 2.017475 9.675928
-8.238567 1.031949 9.675928
-8.302887 0.031376 9.675928
-8.246131 -0.969655 9.675928
-8.069128 -1.956547 9.675928
-7.774460 -2.914907 9.675928
-7.366422 -3.830762 9.675928
-6.850965 -4.690755 9.675928
-6.235606 -5.482347 9.675928
-5.529317 -6.193994 9.675928
-4.742399 -6.815318 9.675928
-3.886326 -7.337260 9.675928
-2.973581 -7.752208 9.675928
-2.017475 -8.054111 9.675928
-1.031949 -8.238567 9.675928
-0.031376 -8.302887 9.675928
0.969655 -8.246131 9.675928
1.956547 -8.069128 9.675928
2.914907 -7.774460 9.675928
3.830762 -7.366422 9.675928
4.690755 -6.850965 9.675928
5.482347 -6.235606 9.675928
6.193994 -5.529317 9.675928
6.815318 -4.742399 9.675928
7.337260 -3.886326 9.675928
7.752208 -2.973581 9.675928
8.743453 -2.279002 8.995593
8.941095 -1.303319 8.995593
9.030204 -0.311814 8.995593
9.009699 0.683475 8.995593
8.879828 1.670468 8.995593
8.642169 2.637183 8.995593
8.299605 3.571887 8.995593
7.856295 4.463233 8.995593
7.317620 5.300401 8.995593
6.690120 6.073229 8.995593
5.981410 6.772337 8.995593
5.200094 7.389238 8.995593
4.355656 7.916443 8.995593
3.458346 8.347554 8.995593
2.519057 8.677336 8.995593
1.549190 8.901788 8.995593
0.560517 9.018184 8.995593
-0.434959 9.025111 8.995593
-1.425155 8.922485 8.995593
-2.398052 8.711553 8.995593
-3.341840 8.394875 8.995593
-4.245063 7.976293 8.995593
-5.096756 7.460891 8.995593
-5.886582 6.854923 8.995593
-6.604952 6.165746 8.995593
-7.243147 5.401725 8.995593
-7.793420 4.572135 8.995593
-8.249092 3.687045 8.995593
-8.604631 2.757199 8.995593
-8.855721 1.793884 8.995593
-8.999315 0.808795 8.995593
-9.033669 -0.186113 8.995593
-8.958367 -1.178761 8.995593
-8.774322 -2.157101 8.995593
-8.483769 -3.109256 8.995593
-8.090235 -4.023670 8.995593
-7.598496 -4.889241 8.995593
-7.014521 -5.695464 8.995593
-6.345400 -6.432551 8.995593
-5.599254 -7.091556 8.995593
-4.785141 -7.664479 8.995593
-3.912943 -8.144366 8.995593
-2.993247 -8.525391 8.995593
-2.037217 -8.802929 8.995593
-1.056458 -8.973612 8.995593
-0.062875 -9.035367 8.995593
0.931472 -8.987445 8.995593
1.914511 -8.830428 8.995593
2.874311 -8.566222 8.995593
3.799221 -8.198033 8.995593
4.678013 -7.730331 8.995593
5.500020 -7.168793 8.995593
6.255265 -6.520236 8.995593
6.934580 -5.792532 8.995593
7.529717 -4.994514 8.995593
8.033455 -4.135870 8.995593
8.439677 -3.227022 8.995593
9.383808 -2.509400 8.258908
9.592092 -1.531248 8.258908
9.698697 -0.536864 8.258908
9.702494 0.463212 8.258908
9.603441 1.458377 8.258908
9.402590 2.438082 8.258908
9.102069 3.391944 8.258908
8.705064 4.309850 8.258908
8.215783 5.182071 8.258908
7.639413 5.999360 8.258908
6.982063 6.753055 8.258908
6.250701 7.435165 8.258908
5.453080 8.038461 8.258908
4.597656 8.556548 8.258908
3.693495 8.983932 8.258908
2.750182 9.316085 8.258908
1.777717 9.549485 8.258908
0.786407 9.681658 8.258908
-0.213239 9.711204 8.258908
-1.210624 9.637808 8.258908
-2.195177 9.462248 8.258908
-3.156460 9.186387 8.258908
-4.084284 8.813148 8.258908
-4.968813 8.346487 8.258908
-5.800672 7.791351 8.258908
-6.571042 7.153625 8.258908
-7.271758 6.440069 8.258908
-7.895391 5.658246 8.258908
-8.435331 4.816445 8.258908
-8.885854 3.923588 8.258908
-9.242185 2.989140 8.258908
-9.500547 2.023006 8.258908
-9.658200 1.035429 8.258908
-9.713475 0.036875 8.258908
-9.665783 -0.962070 8.258908
-9.515633 -1.950816 8.258908
-9.264614 -2.918883 8.258908
-8.915388 -3.856010 8.258908
-8.471656 -4.752261 8.258908
-7.938123 -5.598138 8.258908
-7.320444 -6.384673 8.258908
-6.625166 -7.103529 8.258908
-5.859660 -7.747085 8.258908
-5.032040 -8.308521 8.258908
-4.151079 -8.781884 8.258908
-3.226116 -9.162157 8.258908
-2.266955 -9.445309 8.258908
-1.283764 -9.628338 8.258908
-0.286964 -9.709305 8.258908
0.712877 -9.687350 8.258908
1.705162 -9.562707 8.258908
2.679371 -9.336697 8.258908
3.625179 -9.011716 8.258908
4.532558 -8.591208 8.258908
5.391892 -8.079632 8.258908
6.194070 -7.482409 8.258908
6.930589 -6.805871 8.258908
7.593643 -6.057189 8.258908
8.176202 -5.244299 8.258908
8.672091 -4.375818 8.258908
9.076054 -3.460953 8.258908
9.965192 -2.724184 7.472367
10.181593 -1.749687 7.472367
10.302930 -0.758853 7.472367
10.328073 0.239065 7.472367
10.256784 1.234752 7.472367
10.089731 2.218910 7.472367
9.828473 3.182351 7.472367
9.475449 4.116079 7.472367
9.033955 5.011377 7.472367
8.508113 5.859884 7.472367
7.902834 6.653679 7.472367
7.223768 7.385351 7.472367
6.477256 8.048068 7.472367
5.670267 8.635642 7.472367
4.810336 9.142587 7.472367
3.905493 9.564171 7.472367
2.964185 9.896456 7.472367
1.995202 10.136341 7.472367
1.007589 10.281585 7.472367
0.010569 10.330834 7.472367
-0.986549 10.283626 7.472367
-1.974457 10.140402 7.472367
-2.943929 9.902500 7.472367
-3.885915 9.572142 7.472367
-4.791619 9.152411 7.472367
-5.652585 8.647226 7.472367
-6.460774 8.061304 7.472367
-7.208641 7.400117 7.472367
-7.889203 6.669836 7.472367
-8.496105 5.877281 7.472367
-9.023682 5.029851 7.472367
-9.467007 4.135459 7.472367
-9.821941 3.202455 7.472367
-10.085170 2.239551 7.472367
-10.254236 1.255737 7.472367
-10.327562 0.260198 7.472367
-10.304462 -0.737770 7.472367
-10.185152 -1.728850 7.472367
-9.970745 -2.703788 7.472367
-9.663245 -3.653482 7.472367
-9.265522 -4.569063 7.472367
-8.781289 -5.441985 7.472367
-8.215067 -6.264097 7.472367
-7.572144 -7.027722 7.472367
-6.858521 -7.725731 7.472367
-6.080862 -8.351607 7.472367
-5.246428 -8.899507 7.472367
-4.363010 -9.364314 7.472367
-3.438855 -9.741689 7.472367
-2.482593 -10.028109 7.472367
-1.503151 -10.220899 7.472367
-0.509674 -10.318259 7.472367
0.488560 -10.319280 7.472367
1.482234 -10.223953 7.472367
2.462068 -10.033168 7.472367
3.418915 -9.748705 7.472367
4.343840 -9.373222 7.472367
5.228207 -8.910223 7.472367
6.063761 -8.364032 7.472367
6.842699 -7.739749 7.472367
7.557748 -7.043201 7.472367
8.202233 -6.280893 7.472367
8.770135 -5.459942 7.472367
9.256153 -4.588013 7.472367
9.655749 -3.673247 7.472367
10.487820 -2.907152 6.642033
10.711319 -1.927056 6.642033
10.843433 -0.930520 6.642033
10.883034 0.073955 6.642033
10.829785 1.077799 6.642033
10.684140 2.072448 6.642033
10.447342 3.049416 6.642033
10.121411 4.000367 6.642033
9.709128 4.917188 6.642033
9.214010 5.792057 6.642033
8.640281 6.617511 6.642033
7.992836 7.386506 6.642033
7.277199 8.092483 6.642033
6.499476 8.729417 6.642033
5.666301 9.291874 6.642033
4.784784 9.775057 6.642033
3.862444 10.174843 6.642033
2.907152 10.487820 6.642033
1.927056 10.711319 6.642033
0.930520 10.843433 6.642033
-0.073955 10.883034 6.642033
-1.077799 10.829785 6.642033
-2.072448 10.684140 6.642033
-3.049416 10.447342 6.642033
-4.000367 10.121411 6.642033
-4.917188 9.709128 6.642033
-5.792057 9.214010 6.642033
-6.617511 8.640281 6.642033
-7.386506 7.992836 6.642033
-8.092483 7.277199 6.642033
-8.729417 6.499476 6.642033
-9.291874 5.666301 6.642033
-9.775057 4.784784 6.642033
-10.174843 3.862444 6.642033
-10.487820 2.907152 6.642033
-10.711319 1.927056 6.642033
-10.843433 0.930520 6.642033
-10.883034 -0.073955 6.642033
-10.829785 -1.077799 6.642033
-10.684140 -2.072448 6.642033
-10.447342 -3.049416 6.642033
-10.121411 -4.000367 6.642033
-9.709128 -4.917188 6.642033
-9.214010 -5.792057 6.642033
-8.640281 -6.617511 6.642033
-7.992836 -7.386506 6.642033
-7.277199 -8.092483 6.642033
-6.499476 -8.729417 6.642033
-5.666301 -9.291874 6.642033
-4.784784 -9.775057 6.642033
-3.862444 -10.174843 6.642033
-2.907152 -10.487820 6.642033
-1.927056 -10.711319 6.642033
-0.930520 -10.843433 6.642033
0.073955 -10.883034 6.642033
1.077799 -10.829785 6.642033
2.072448 -10.684140 6.642033
3.049416 -10.447342 6.642033
4.000367 -10.121411 6.642033
4.917188 -9.709128 6.642033
5.792057 -9.214010 6.642033
6.617511 -8.640281 6.642033
7.386506 -7.992836 6.642033
8.092483 -7.277199 6.642033
8.729417 -6.499476 6.642033
9.291874 -5.666301 6.642033
9.775057 -4.784784 6.642033
10.174843 -3.862444 6.642033
10.944488 -3.072116 5.774321
11.173175 -2.092819 5.774321
11.314416 -1.097143 5.774321
11.367106 -0.092880 5.774321
11.330833 0.912109 5.774321
11.205881 1.909960 5.774321
10.993228 2.892863 5.774321
10.694538 3.853125 5.774321
10.312149 4.783232 5.774321
9.849053 5.675903 5.774321
9.308875 6.524152 5.774321
8.695843 7.321342 5.774321
8.014753 8.061231 5.774321
7.270938 8.738031 5.774321
6.470217 9.346444 5.774321
5.618858 9.881708 5.774321
4.723524 10.339634 5.774321
3.791222 10.716639 5.774321
2.829249 11.009772 5.774321
1.845133 11.216738 5.774321
0.846576 11.335918 5.774321
-0.158606 11.366379 5.774321
-1.162547 11.307882 5.774321
-2.157390 11.160887 5.774321
-3.135348 10.926542 5.774321
-4.088768 10.606682 5.774321
-5.010187 10.203810 5.774321
-5.892395 9.721080 5.774321
-6.728488 9.162269 5.774321
-7.511920 8.531751 5.774321
-8.236562 7.834461 5.774321
-8.896741 7.075855 5.774321
-9.487291 6.261871 5.774321
-10.003591 5.398879 5.774321
-10.441598 4.493634 5.774321
-10.797886 3.553220 5.774321
-11.069666 2.584997 5.774321
-11.254811 1.596544 5.774321
-11.351872 0.595595 5.774321
-11.360088 -0.410016 5.774321
-11.279397 -1.412417 5.774321
-11.110429 -2.403764 5.774321
-10.854507 -3.376299 5.774321
-10.513634 -4.322409 5.774321
-10.090477 -5.234691 5.774321
-9.588349 -6.106004 5.774321
-9.011179 -6.929529 5.774321
-8.363484 -7.698822 5.774321
-7.650333 -8.407861 5.774321
-6.877309 -9.051096 5.774321
-6.050460 -9.623495 5.774321
-5.176258 -10.120577 5.774321
-4.261544 -10.538452 5.774321
-3.313479 -10.873848 5.774321
-2.339481 -11.124143 5.774321
-1.347173 -11.287376 5.774321
-0.344322 -11.362269 5.774321
0.661224 -11.348238 5.774321
1.661595 -11.245391 5.774321
2.648962 -11.054534 5.774321
3.615597 -10.777160 5.774321
4.553935 -10.415440 5.774321
5.456632 -9.972206 5.774321
6.316624 -9.450925 5.774321
7.127180 -8.855678 5.774321
7.881956 -8.191123 5.774321
8.575044 -7.462462 5.774321
9.201022 -6.675397 5.774321
9.754989 -5.836087 5.774321
10.232610 -4.951103 5.774321
10.630147 -4.027369 5.774321
11.335555 -3.218479 4.869197
11.567665 -2.245562 4.869197
11.716429 -1.256466 4.869197
11.780776 -0.258317 4.869197
11.760243 0.741693 4.869197
11.654976 1.736359 4.869197
11.465736 2.718515 4.869197
11.193884 3.681084 4.869197
10.841380 4.617131 4.869197
10.410764 5.519911 4.869197
9.905138 6.382919 4.869197
9.328145 7.199939 4.869197
8.683943 7.965083 4.869197
7.977173 8.672839 4.869197
7.212927 9.318106 4.869197
6.396711 9.896237 4.869197
5.534408 10.403064 4.869197
4.632228 10.834938 4.869197
3.696674 11.188745 4.869197
2.734485 11.461938 4.869197
1.752593 11.652546 4.869197
0.758075 11.759198 4.869197
-0.241906 11.781125 4.869197
-1.240144 11.718168 4.869197
-2.229446 11.570782 4.869197
-3.202685 11.340028 4.869197
-4.152849 11.027568 4.869197
-5.073092 10.635655 4.869197
-5.956782 10.167112 4.869197
-6.797554 9.625314 4.869197
-7.589350 9.014166 4.869197
-8.326464 8.338071 4.869197
-9.003585 7.601899 4.869197
-9.615836 6.810956 4.869197
-10.158804 5.970940 4.869197
-10.628578 5.087902 4.869197
-11.021773 4.168207 4.869197
-11.335555 3.218479 4.869197
-11.567665 2.245562 4.869197
-11.716429 1.256466 4.869197
-11.780776 0.258317 4.869197
-11.760243 -0.741693 4.869197
-11.654976 -1.736359 4.869197
-11.465736 -2.718515 4.869197
-11.193884 -3.681084 4.869197
-10.841380 -4.617131 4.869197
-10.410764 -5.519911 4.869197
-9.905138 -6.382919 4.869197
-9.328145 -7.199939 4.869197
-8.683943 -7.965083 4.869197
-7.977173 -8.672839 4.869197
-7.212927 -9.318106 4.869197
-6.396711 -9.896237 4.869197
-5.534408 -10.403064 4.869197
-4.632228 -10.834938 4.869197
-3.696674 -11.188745 4.869197
-2.734485 -11.461938 4.869197
-1.752593 -11.652546 4.869197
-0.758075 -11.759198 4.869197
0.241906 -11.781125 4.869197
1.240144 -11.718168 4.869197
2.229446 -11.570782 4.869197
3.202685 -11.340028 4.869197
4.152849 -11.027568 4.869197
5.073092 -10.635655 4.869197
5.956782 -10.167112 4.869197
6.797554 -9.625314 4.869197
7.589350 -9.014166 4.869197
8.326464 -8.338071 4.869197
9.003585 -7.601899 4.869197
9.615836 -6.810956 4.869197
10.158804 -5.970940 4.869197
10.628578 -5.087902 4.869197
11.021773 -4.168207 4.869197
11.663429 -3.325657 3.932800
11.898224 -2.351140 3.932800
12.051741 -1.360562 3.932800
12.122932 -0.360690 3.932800
12.111312 0.641645 3.932800
12.016959 1.639598 3.932800
11.840518 2.626351 3.932800
11.583194 3.595162 3.932800
11.246746 4.539416 3.932800
10.833470 5.452660 3.932800
10.346191 6.328658 3.932800
9.788238 7.161424 3.932800
9.163420 7.945270 3.932800
8.476007 8.674842 3.932800
7.730694 9.345156 3.932800
6.932573 9.951634 3.932800
6.087096 10.490131 3.932800
5.200037 10.956970 3.932800
4.277457 11.348962 3.932800
3.325657 11.663429 3.932800
2.351140 11.898224 3.932800
1.360562 12.051741 3.932800
0.360690 12.122932 3.932800
-0.641645 12.111312 3.932800
-1.639598 12.016959 3.932800
-2.626351 11.840518 3.932800
-3.595162 11.583194 3.932800
-4.539416 11.246746 3.932800
-5.452660 10.833470 3.932800
-6.328658 10.346191 3.932800
-7.161424 9.788238 3.932800
-7.945270 9.163420 3.932800
-8.674842 8.476007 3.932800
-9.345156 7.730694 3.932800
-9.951634 6.932573 3.932800
-10.490131 6.087096 3.932800
-10.956970 5.200037 3.932800
-11.348962 4.277457 3.932800
-11.663429 3.325657 3.932800
-11.898224 2.351140 3.932800
-12.051741 1.360562 3.932800
-12.122932 0.360690 3.932800
-12.111312 -0.641645 3.932800
-12.016959 -1.639598 3.932800
-11.840518 -2.626351 3.932800
-11.583194 -3.595162 3.932800
-11.246746 -4.539416 3.932800
-10.833470 -5.452660 3.932800
-10.346191 -6.328658 3.932800
-9.788238 -7.161424 3.932800
-9.163420 -7.945270 3.932800
-8.476007 -8.674842 3.932800
-7.730694 -9.345156 3.932800
-6.932573 -9.951634 3.932800
-6.087096 -10.490131 3.932800
-5.200037 -10.956970 3.932800
-4.277457 -11.348962 3.932800
-3.325657 -11.663429 3.932800
-2.351140 -11.898224 3.932800
-1.360562 -12.051741 3.932800
-0.360690 -12.122932 3.932800
0.641645 -12.111312 3.932800
1.639598 -12.016959 3.932800
2.626351 -11.840518 3.932800
3.595162 -11.583194 3.932800
4.539416 -11.246746 3.932800
5.452660 -10.833470 3.932800
6.328658 -10.346191 3.932800
7.161424 -9.788238 3.932800
7.945270 -9.163420 3.932800
8.674842 -8.476007 3.932800
9.345156 -7.730694 3.932800
9.951634 -6.932573 3.932800
10.490131 -6.087096 3.932800
10.956970 -5.200037 3.932800
11.348962 -4.277457 3.932800
11.920057 -3.412496 2.971467
12.155996 -2.442265 2.971467
12.313098 -1.456194 2.971467
12.390345 -0.460679 2.971467
12.387237 0.537823 2.971467
12.303792 1.532838 2.971467
12.140552 2.517911 2.971467
11.898577 3.486655 2.971467
11.579434 4.432786 2.971467
11.185194 5.350169 2.971467
10.718414 6.232855 2.971467
10.182121 7.075118 2.971467
9.579794 7.871495 2.971467
8.915337 8.616824 2.971467
8.193061 9.306269 2.971467
7.417650 9.935359 2.971467
6.594133 10.500014 2.971467
5.727850 10.996573 2.971467
4.824420 11.421815 2.971467
3.889701 11.772982 2.971467
2.929757 12.047797 2.971467
1.950811 12.244477 2.971467
0.959214 12.361747 2.971467
-0.038603 12.398847 2.971467
-1.036171 12.355535 2.971467
-2.027018 12.232092 2.971467
-3.004720 12.029320 2.971467
-3.962935 11.748533 2.971467
-4.895448 11.391553 2.971467
-5.796213 10.960693 2.971467
-6.659387 10.458750 2.971467
-7.479372 9.888977 2.971467
-8.250851 9.255071 2.971467
-8.968820 8.561142 2.971467
-9.628623 7.811691 2.971467
-10.225980 7.011578 2.971467
-10.757018 6.165992 2.971467
-11.218292 5.280417 2.971467
-11.606812 4.360597 2.971467
-11.920057 3.412496 2.971467
-12.155996 2.442265 2.971467
-12.313098 1.456194 2.971467
-12.390345 0.460679 2.971467
-12.387237 -0.537823 2.971467
-12.303792 -1.532838 2.971467
-12.140552 -2.517911 2.971467
-11.898577 -3.486655 2.971467
-11.579434 -4.432786 2.971467
-11.185194 -5.350169 2.971467
-10.718414 -6.232855 2.971467
-10.182121 -7.075118 2.971467
-9.579794 -7.871495 2.971467
-8.915337 -8.616824 2.971467
-8.193061 -9.306269 2.971467
-7.417650 -9.935359 2.971467
-6.594133 -10.500014 2.971467
-5.727850 -10.996573 2.971467
-4.824420 -11.421815 2.971467
-3.889701 -11.772982 2.971467
-2.929757 -12.047797 2.971467
-1.950811 -12.244477 2.971467
-0.959214 -12.361747 2.971467
0.038603 -12.398847 2.971467
1.036171 -12.355535 2.971467
2.027018 -12.232092 2.971467
3.004720 -12.029320 2.971467
3.962935 -11.748533 2.971467
4.895448 -11.391553 2.971467
5.796213 -10.960693 2.971467
6.659387 -10.458750 2.971467
7.479372 -9.888977 2.971467
8.250851 -9.255071 2.971467
8.968820 -8.561142 2.971467
9.628623 -7.811691 2.971467
10.225980 -7.011578 2.971467
10.757018 -6.165992 2.971467
11.218292 -5.280417 2.971467
11.606812 -4.360597 2.971467
12.105393 -3.472233 1.991373
12.342995 -2.499481 1.991373
12.502561 -1.510927 1.991373
12.583082 -0.512820 1.991373
12.584048 0.488529 1.991373
12.505454 1.486789 1.991373
12.347797 2.475650 1.991373
12.112073 3.448858 1.991373
11.799772 4.400262 1.991373
11.412870 5.323846 1.991373
10.953811 6.213771 1.991373
10.425499 7.064410 1.991373
9.831274 7.870386 1.991373
9.174893 8.626603 1.991373
8.460504 9.328280 1.991373
7.692626 9.970980 1.991373
6.876112 10.550640 1.991373
6.016125 11.063596 1.991373
5.118103 11.506605 1.991373
4.187722 11.876865 1.991373
3.230865 12.172035 1.991373
2.253582 12.390250 1.991373
1.262050 12.530130 1.991373
0.262540 12.590790 1.991373
-0.738631 12.571848 1.991373
-1.735131 12.473422 1.991373
-2.720661 12.296135 1.991373
-3.688991 12.041108 1.991373
-4.633997 11.709953 1.991373
-5.549706 11.304764 1.991373
-6.430328 10.828103 1.991373
-7.270296 10.282983 1.991373
-8.064298 9.672850 1.991373
-8.807315 9.001563 1.991373
-9.494649 8.273365 1.991373
-10.121955 7.492860 1.991373
-10.685267 6.664983 1.991373
-11.181023 5.794968 1.991373
-11.606089 4.888315 1.991373
-11.957778 3.950756 1.991373
-12.233866 2.988220 1.991373
-12.432607 2.006791 1.991373
-12.552746 1.012674 1.991373
-12.593522 0.012155 1.991373
-12.554677 -0.988440 1.991373
-12.436458 -1.982787 1.991373
-12.239612 -2.964598 1.991373
-11.965382 -3.927665 1.991373
-11.615504 -4.865901 1.991373
-11.192189 -5.773373 1.991373
-10.698113 -6.644344 1.991373
-10.136401 -7.473307 1.991373
-9.510602 -8.255021 1.991373
-8.824675 -8.984545 1.991373
-8.082955 -9.657265 1.991373
-7.290133 -10.268929 1.991373
-6.451219 -10.815669 1.991373
-5.571519 -11.294030 1.991373
-4.656594 -11.700986 1.991373
-3.712229 -12.033964 1.991373
-2.744393 -12.290860 1.991373
-1.759207 -12.470049 1.991373
-0.762898 -12.570398 1.991373
0.238234 -12.591274 1.991373
1.237859 -12.532543 1.991373
2.229659 -12.394578 1.991373
3.207362 -12.178250 1.991373
4.164787 -11.884927 1.991373
5.095881 -11.516463 1.991373
5.994757 -11.075189 1.991373
6.855732 -10.563895 1.991373
7.673363 -9.985811 1.991373
8.442481 -9.344595 1.991373
9.158222 -8.644298 1.991373
9.816063 -7.889350 1.991373
10.411843 -7.084523 1.991373
10.941796 -6.234905 1.991373
11.402571 -5.345868 1.991373
11.791256 -4.423032 1.991373
12.216392 -3.510645 0.998813
12.454175 -2.541336 0.998813
12.615174 -1.556358 0.998813
12.698396 -0.561785 0.998813
12.703329 0.436251 0.998813
12.629941 1.431598 0.998813
12.478685 2.418119 0.998813
12.250494 3.389731 0.998813
11.946774 4.340444 0.998813
11.569399 5.264397 0.998813
11.120695 6.155893 0.998813
10.603428 7.009436 0.998813
10.020787 7.819764 0.998813
9.376364 8.581880 0.998813
8.674134 9.291086 0.998813
7.918424 9.943009 0.998813
7.113895 10.533631 0.998813
6.265506 11.059309 0.998813
5.378488 11.516803 0.998813
4.458310 11.903291 0.998813
3.510645 12.216392 0.998813
2.541336 12.454175 0.998813
1.556358 12.615174 0.998813
0.561785 12.698396 0.998813
-0.436251 12.703329 0.998813
-1.431598 12.629941 0.998813
-2.418119 12.478685 0.998813
-3.389731 12.250494 0.998813
-4.340444 11.946774 0.998813
-5.264397 11.569399 0.998813
-6.155893 11.120695 0.998813
-7.009436 10.603428 0.998813
-7.819764 10.020787 0.998813
-8.581880 9.376364 0.998813
-9.291086 8.674134 0.998813
-9.943009 7.918424 0.998813
-10.533631 7.113895 0.998813
-11.059309 6.265506 0.998813
-11.516803 5.378488 0.998813
-11.903291 4.458310 0.998813
-12.216392 3.510645 0.998813
-12.454175 2.541336 0.998813
-12.615174 1.556358 0.998813
-12.698396 0.561785 0.998813
-12.703329 -0.436251 0.998813
-12.629941 -1.431598 0.998813
-12.478685 -2.418119 0.998813
-12.250494 -3.389731 0.998813
-11.946774 -4.340444 0.998813
-11.569399 -5.264397 0.998813
-11.120695 -6.155893 0.998813
-10.603428 -7.009436 0.998813
-10.020787 -7.819764 0.998813
-9.376364 -8.581880 0.998813
-8.674134 -9.291086 0.998813
-7.918424 -9.943009 0.998813
-7.113895 -10.533631 0.998813
-6.265506 -11.059309 0.998813
-5.378488 -11.516803 0.998813
-4.458310 -11.903291 0.998813
-3.510645 -12.216392 0.998813
-2.541336 -12.454175 0.998813
-1.556358 -12.615174 0.998813
-0.561785 -12.698396 0.998813
0.436251 -12.703329 0.998813
1.431598 -12.629941 0.998813
2.418119 -12.478685 0.998813
3.389731 -12.250494 0.998813
4.340444 -11.946774 0.998813
5.264397 -11.569399 0.998813
6.155893 -11.120695 0.998813
7.009436 -10.603428 0.998813
7.819764 -10.020787 0.998813
8.581880 -9.376364 0.998813
9.291086 -8.674134 0.998813
9.943009 -7.918424 0.998813
10.533631 -7.113895 0.998813
11.059309 -6.265506 0.998813
11.516803 -5.378488 0.998813
11.903291 -4.458310 0.998813
12.382856 -3.037660 0.000000
12.583016 -2.056748 0.000000
12.705597 -1.063156 0.000000
12.749844 -0.063009 0.000000
12.715484 0.937526 0.000000
12.602729 1.932282 0.000000
12.412274 2.915124 0.000000
12.145293 3.879993 0.000000
11.803433 4.820941 0.000000
11.388800 5.732167 0.000000
10.903952 6.608051 0.000000
10.351877 7.443195 0.000000
9.735979 8.232449 0.000000
9.060056 8.970947 0.000000
8.328274 9.654137 0.000000
7.545146 10.277805 0.000000
6.715499 10.838107 0.000000
5.844450 11.331589 0.000000
4.937367 11.755208 0.000000
3.999844 12.106352 0.000000
3.037660 12.382856 0.000000
2.056748 12.583016 0.000000
1.063156 12.705597 0.000000
0.063009 12.749844 0.000000
-0.937526 12.715484 0.000000
-1.932282 12.602729 0.000000
-2.915124 12.412274 0.000000
-3.879993 12.145293 0.000000
-4.820941 11.803433 0.000000
-5.732167 11.388800 0.000000
-6.608051 10.903952 0.000000
-7.443195 10.351877 0.000000
-8.232449 9.735979 0.000000
-8.970947 9.060056 0.000000
-9.654137 8.328274 0.000000
-10.277805 7.545146 0.000000
-10.838107 6.715499 0.000000
-11.331589 5.844450 0.000000
-11.755208 4.937367 0.000000
-12.106352 3.999844 0.000000
-12.382856 3.037660 0.000000
-12.583016 2.056748 0.000000
-12.705597 1.063156 0.000000
-12.749844 0.063009 0.000000
-12.715484 -0.937526 0.000000
-12.602729 -1.932282 0.000000
-12.412274 -2.915124 0.000000
-12.145293 -3.879993 0.000000
-11.803433 -4.820941 0.000000
-11.388800 -5.732167 0.000000
-10.903952 -6.608051 0.000000
-10.351877 -7.443195 0.000000
-9.735979 -8.232449 0.000000
-9.060056 -8.970947 0.000000
-8.328274 -9.654137 0.000000
-7.545146 -10.277805 0.000000
-6.715499 -10.838107 0.000000
-5.844450 -11.331589 0.000000
-4.937367 -11.755208 0.000000
-3.999844 -12.106352 0.000000
-3.037660 -12.382856 0.000000
-2.056748 -12.583016 0.000000
-1.063156 -12.705597 0.000000
-0.063009 -12.749844 0.000000
0.937526 -12.715484 0.000000
1.932282 -12.602729 0.000000
2.915124 -12.412274 0.000000
3.879993 -12.145293 0.000000
4.820941 -11.803433 0.000000
5.732167 -11.388800 0.000000
6.608051 -10.903952 0.000000
7.443195 -10.351877 0.000000
8.232449 -9.735979 0.000000
8.970947 -9.060056 0.000000
9.654137 -8.328274 0.000000
10.277805 -7.545146 0.000000
10.838107 -6.715499 0.000000
11.331589 -5.844450 0.000000
11.755208 -4.937367 0.000000
12.106352 -3.999844 0.000000
12.454175 -2.541336 -0.998813
12.615174 -1.556358 -0.998813
12.698396 -0.561785 -0.998813
12.703329 0.436251 -0.998813
12.629941 1.431598 -0.998813
12.478685 2.418119 -0.998813
12.250494 3.389731 -0.998813
11.946774 4.340444 -0.998813
11.569399 5.264397 -0.998813
11.120695 6.155893 -0.998813
10.603428 7.009436 -0.998813
10.020787 7.819764 -0.998813
9.376364 8.581880 -0.998813
8.674134 9.291086 -0.998813
7.918424 9.943009 -0.998813
7.113895 10.533631 -0.998813
6.265506 11.059309 -0.998813
5.378488 11.516803 -0.998813
4.458310 11.903291 -0.998813
3.510645 12.216392 -0.998813
2.541336 12.454175 -0.998813
1.556358 12.615174 -0.998813
0.561785 12.698396 -0.998813
-0.436251 12.703329 -0.998813
-1.431598 12.629941 -0.998813
-2.418119 12.478685 -0.998813
-3.389731 12.250494 -0.998813
-4.340444 11.946774 -0.998813
-5.264397 11.569399 -0.998813
-6.155893 11.120695 -0.998813
-7.009436 10.603428 -0.998813
-7.819764 10.020787 -0.998813
-8.581880 9.376364 -0.998813
-9.291086 8.674134 -0.998813
-9.943009 7.918424 -0.998813
-10.533631 7.113895 -0.998813
-11.059309 6.265506 -0.998813
-11.516803 5.378488 -0.998813
-11.903291 4.458310 -0.998813
-12.216392 3.510645 -0.998813
-12.454175 2.541336 -0.998813
-12.615174 1.556358 -0.998813
-12.698396 0.561785 -0.998813
-12.703329 -0.436251 -0.998813
-12.629941 -1.431598 -0.998813
-12.478685 -2.418119 -0.998813
-12.250494 -3.389731 -0.998813
-11.946774 -4.340444 -0.998813
-11.569399 -5.264397 -0.998813
-11.120695 -6.155893 -0.998813
-10.603428 -7.009436 -0.998813
-10.020787 -7.819764 -0.998813
-9.376364 -8.581880 -0.998813
-8.674134 -9.291086 -0.998813
-7.918424 -9.943009 -0.998813
-7.113895 -10.533631 -0.998813
-6.265506 -11.059309 -0.998813
-5.378488 -11.516803 -0.998813
-4.458310 -11.903291 -0.998813
-3.510645 -12.216392 -0.998813
-2.541336 -12.454175 -0.998813
-1.556358 -12.615174 -0.998813
-0.561785 -12.698396 -0.998813
0.436251 -12.703329 -0.998813
1.431598 -12.629941 -0.998813
2.418119 -12.478685 -0.998813
3.389731 -12.250494 -0.998813
4.340444 -11.946774 -0.998813
5.264397 -11.569399 -0.998813
6.155893 -11.120695 -0.998813
7.009436 -10.603428 -0.998813
7.819764 -10.020787 -0.998813
8.581880 -9.376364 -0.998813
9.291086 -8.674134 -0.998813
9.943009 -7.918424 -0.998813
10.533631 -7.113895 -0.998813
11.059309 -6.265506 -0.998813
11.516803 -5.378488 -0.998813
11.903291 -4.458310 -0.998813
12.216392 -3.510645 -0.998813
12.342995 -2.499481 -1.991373
12.502561 -1.510927 -1.991373
12.583082 -0.512820 -1.991373
12.584048 0.488529 -1.991373
12.505454 1.486789 -1.991373
12.347797 2.475650 -1.991373
12.112073 3.448858 -1.991373
11.799772 4.400262 -1.991373
11.412870 5.323846 -1.991373
10.953811 6.213771 -1.991373
10.425499 7.064410 -1.991373
9.831274 7.870386 -1.991373
9.174893 8.626603 -1.991373
8.460504 9.328280 -1.991373
7.692626 9.970980 -1.991373
6.876112 10.550640 -1.991373
6.016125 11.063596 -1.991373
5.118103 11.506605 -1.991373
4.187722 11.876865 -1.991373
3.230865 12.172035 -1.991373
2.253582 12.390250 -1.991373
1.262050 12.530130 -1.991373
0.262540 12.590790 -1.991373
-0.738631 12.571848 -1.991373
-1.735131 12.473422 -1.991373
-2.720661 12.296135 -1.991373
-3.688991 12.041108 -1.991373
-4.633997 11.709953 -1.991373
-5.549706 11.304764 -1.991373
-6.430328 10.828103 -1.991373
-7.270296 10.282983 -1.991373
-8.064298 9.672850 -1.991373
-8.807315 9.001563 -1.991373
-9.494649 8.273365 -1.991373
-10.121955 7.492860 -1.991373
-10.685267 6.664983 -1.991373
-11.181023 5.794968 -1.991373
-11.606089 4.888315 -1.991373
-11.957778 3.950756 -1.991373
-12.233866 2.988220 -1.991373
-12.432607 2.006791 -1.991373
-12.552746 1.012674 -1.991373
-12.593522 0.012155 -1.991373
-12.554677 -0.988440 -1.991373
-12.436458 -1.982787 -1.991373
-12.239612 -2.964598 -1.991373
-11.965382 -3.927665 -1.991373
-11.615504 -4.865901 -1.991373
-11.192189 -5.773373 -1.991373
-10.698113 -6.644344 -1.991373
-10.136401 -7.473307 -1.991373
-9.510602 -8.255021 -1.991373
-8.824675 -8.984545 -1.991373
-8.082955 -9.657265 -1.991373
-7.290133 -10.268929 -1.991373
-6.451219 -10.815669 -1.991373
-5.571519 -11.294030 -1.991373
-4.656594 -11.700986 -1.991373
-3.712229 -12.033964 -1.991373
-2.744393 -12.290860 -1.991373
-1.759207 -12.470049 -1.991373
-0.762898 -12.570398 -1.991373
0.238234 -12.591274 -1.991373
1.237859 -12.532543 -1.991373
2.229659 -12.394578 -1.991373
3.207362 -12.178250 -1.991373
4.164787 -11.884927 -1.991373
5.095881 -11.516463 -1.991373
5.994757 -11.075189 -1.991373
6.855732 -10.563895 -1.991373
7.673363 -9.985811 -1.991373
8.442481 -9.344595 -1.991373
9.158222 -8.644298 -1.991373
9.816063 -7.889350 -1.991373
10.411843 -7.084523 -1.991373
10.941796 -6.234905 -1.991373
11.402571 -5.345868 -1.991373
11.791256 -4.423032 -1.991373
12.105393 -3.472233 -1.991373
12.155996 -2.442265 -2.971467
12.313098 -1.456194 -2.971467
12.390345 -0.460679 -2.971467
12.387237 0.537823 -2.971467
12.303792 1.532838 -2.971467
12.140552 2.517911 -2.971467
11.898577 3.486655 -2.971467
11.579434 4.432786 -2.971467
11.185194 5.350169 -2.971467
10.718414 6.232855 -2.971467
10.182121 7.075118 -2.971467
9.579794 7.871495 -2.971467
8.915337 8.616824 -2.971467
8.193061 9.306269 -2.971467
7.417650 9.935359 -2.971467
6.594133 10.500014 -2.971467
5.727850 10.996573 -2.971467
4.824420 11.421815 -2.971467
3.889701 11.772982 -2.971467
2.929757 12.047797 -2.971467
1.950811 12.244477 -2.971467
0.959214 12.361747 -2.971467
-0.038603 12.398847 -2.971467
-1.036171 12.355535 -2.971467
-2.027018 12.232092 -2.971467
-3.004720 12.029320 -2.971467
-3.962935 11.748533 -2.971467
-4.895448 11.391553 -2.971467
-5.796213 10.960693 -2.971467
-6.659387 10.458750 -2.971467
-7.479372 9.888977 -2.971467
-8.250851 9.255071 -2.971467
-8.968820 8.561142 -2.971467
-9.628623 7.811691 -2.971467
-10.225980 7.011578 -2.971467
-10.757018 6.165992 -2.971467
-11.218292 5.280417 -2.971467
-11.606812 4.360597 -2.971467
-11.920057 3.412496 -2.971467
-12.155996 2.442265 -2.971467
-12.313098 1.456194 -2.971467
-12.390345 0.460679 -2.971467
-12.387237 -0.537823 -2.971467
-12.303792 -1.532838 -2.971467
-12.140552 -2.517911 -2.971467
-11.898577 -3.486655 -2.971467
-11.579434 -4.432786 -2.971467
-11.185194 -5.350169 -2.971467
-10.718414 -6.232855 -2.971467
-10.182121 -7.075118 -2.971467
-9.579794 -7.871495 -2.971467
-8.915337 -8.616824 -2.971467
-8.193061 -9.306269 -2.971467
-7.417650 -9.935359 -2.971467
-6.594133 -10.500014 -2.971467
-5.727850 -10.996573 -2.971467
-4.824420 -11.421815 -2.971467
-3.889701 -11.772982 -2.971467
-2.929757 -12.047797 -2.971467
-1.950811 -12.244477 -2.971467
-0.959214 -12.361747 -2.971467
0.038603 -12.398847 -2.971467
1.036171 -12.355535 -2.971467
2.027018 -12.232092 -2.971467
3.004720 -12.029320 -2.971467
3.962935 -11.748533 -2.971467
4.895448 -11.391553 -2.971467
5.796213 -10.960693 -2.971467
6.659387 -10.458750 -2.971467
7.479372 -9.888977 -2.971467
8.250851 -9.255071 -2.971467
8.968820 -8.561142 -2.971467
9.628623 -7.811691 -2.971467
10.225980 -7.011578 -2.971467
10.757018 -6.165992 -2.971467
11.218292 -5.280417 -2.971467
11.606812 -4.360597 -2.971467
11.920057 -3.412496 -2.971467
11.898224 -2.351140 -3.932800
12.051741 -1.360562 -3.932800
12.122932 -0.360690 -3.932800
12.111312 0.641645 -3.932800
12.016959 1.639598 -3.932800
11.840518 2.626351 -3.932800
11.583194 3.595162 -3.932800
11.246746 4.539416 -3.932800
10.833470 5.452660 -3.932800
10.346191 6.328658 -3.932800
9.788238 7.161424 -3.932800
9.163420 7.945270 -3.932800
8.476007 8.674842 -3.932800
7.730694 9.345156 -3.932800
6.932573 9.951634 -3.932800
6.087096 10.490131 -3.932800
5.200037 10.956970 -3.932800
4.277457 11.348962 -3.932800
3.325657 11.663429 -3.932800
2.351140 11.898224 -3.932800
1.360562 12.051741 -3.932800
0.360690 12.122932 -3.932800
-0.641645 12.111312 -3.932800
-1.639598 12.016959 -3.932800
-2.626351 11.840518 -3.932800
-3.595162 11.583194 -3.932800
-4.539416 11.246746 -3.932800
-5.452660 10.833470 -3.932800
-6.328658 10.346191 -3.932800
-7.161424 9.788238 -3.932800
-7.945270 9.163420 -3.932800
-8.674842 8.476007 -3.932800
-9.345156 7.730694 -3.932800
-9.951634 6.932573 -3.932800
-10.490131 6.087096 -3.932800
-10.956970 5.200037 -3.932800
-11.348962 4.277457 -3.932800
-11.663429 3.325657 -3.932800
-11.898224 2.351140 -3.932800
-12.051741 1.360562 -3.932800
-12.122932 0.360690 -3.932800
-12.111312 -0.641645 -3.932800
-12.016959 -1.639598 -3.932800
-11.840518 -2.626351 -3.932800
-11.583194 -3.595162 -3.932800
-11.246746 -4.539416 -3.932800
-10.833470 -5.452660 -3.932800
-10.346191 -6.328658 -3.932800
-9.788238 -7.161424 -3.932800
-9.163420 -7.945270 -3.932800
-8.476007 -8.674842 -3.932800
-7.730694 -9.345156 -3.932800
-6.932573 -9.951634 -3.932800
-6.087096 -10.490131 -3.932800
-5.200037 -10.956970 -3.932800
-4.277457 -11.348962 -3.932800
-3.325657 -11.663429 -3.932800
-2.351140 -11.898224 -3.932800
-1.360562 -12.051741 -3.932800
-0.360690 -12.122932 -3.932800
0.641645 -12.111312 -3.932800
1.639598 -12.016959 -3.932800
2.626351 -11.840518 -3.932800
3.595162 -11.583194 -3.932800
4.539416 -11.246746 -3.932800
5.452660 -10.833470 -3.932800
6.328658 -10.346191 -3.932800
7.161424 -9.788238 -3.932800
7.945270 -9.163420 -3.932800
8.674842 -8.476007 -3.932800
9.345156 -7.730694 -3.932800
9.951634 -6.932573 -3.932800
10.490131 -6.087096 -3.932800
10.956970 -5.200037 -3.932800
11.348962 -4.277457 -3.932800
11.663429 -3.325657 -3.932800
11.567665 -2.245562 -4.869197
11.716429 -1.256466 -4.869197
11.780776 -0.258317 -4.869197
11.760243 0.741693 -4.869197
11.654976 1.736359 -4.869197
11.465736 2.718515 -4.869197
11.193884 3.681084 -4.869197
10.841380 4.617131 -4.869197
10.410764 5.519911 -4.869197
9.905138 6.382919 -4.869197
9.328145 7.199939 -4.869197
8.683943 7.965083 -4.869197
7.977173 8.672839 -4.869197
7.212927 9.318106 -4.869197
6.396711 9.896237 -4.869197
5.534408 10.403064 -4.869197
4.632228 10.834938 -4.869197
3.696674 11.188745 -4.869197
2.734485 11.461938 -4.869197
1.752593 11.652546 -4.869197
0.758075 11.759198 -4.869197
-0.241906 11.781125 -4.869197
-1.240144 11.718168 -4.869197
-2.229446 11.570782 -4.869197
-3.202685 11.340028 -4.869197
-4.152849 11.027568 -4.869197
-5.073092 10.635655 -4.869197
-5.956782 10.167112 -4.869197
-6.797554 9.625314 -4.869197
-7.589350 9.014166 -4.869197
-8.326464 8.338071 -4.869197
-9.003585 7.601899 -4.869197
-9.615836 6.810956 -4.869197
-10.158804 5.970940 -4.869197
-10.628578 5.087902 -4.869197
-11.021773 4.168207 -4.869197
-11.335555 3.218479 -4.869197
-11.567665 2.245562 -4.869197
-11.716429 1.256466 -4.869197
-11.780776 0.258317 -4.869197
-11.760243 -0.741693 -4.869197
-11.654976 -1.736359 -4.869197
-11.465736 -2.718515 -4.869197
-11.193884 -3.681084 -4.869197
-10.841380 -4.617131 -4.869197
-10.410764 -5.519911 -4.869197
-9.905138 -6.382919 -4.869197
-9.328145 -7.199939 -4.869197
-8.683943 -7.965083 -4.869197
-7.977173 -8.672839 -4.869197
-7.212927 -9.318106 -4.869197
-6.396711 -9.896237 -4.869197
-5.534408 -10.403064 -4.869197
-4.632228 -10.834938 -4.869197
-3.696674 -11.188745 -4.869197
-2.734485 -11.461938 -4.869197
-1.752593 -11.652546 -4.869197
-0.758075 -11.759198 -4.869197
0.241906 -11.781125 -4.869197
1.240144 -11.718168 -4.869197
2.229446 -11.570782 -4.869197
3.202685 -11.340028 -4.869197
4.152849 -11.027568 -4.869197
5.073092 -10.635655 -4.869197
5.956782 -10.167112 -4.869197
6.797554 -9.625314 -4.869197
7.589350 -9.014166 -4.869197
8.326464 -8.338071 -4.869197
9.003585 -7.601899 -4.869197
9.615836 -6.810956 -4.869197
10.158804 -5.970940 -4.869197
10.628578 -5.087902 -4.869197
11.021773 -4.168207 -4.869197
11.335555 -3.218479 -4.869197
11.168137 -2.119537 -5.774321
11.311759 -1.124201 -5.774321
11.366851 -0.120068 -5.774321
11.332982 0.885006 -5.774321
11.210417 1.883153 -5.774321
11.000116 2.866561 -5.774321
10.703723 3.827535 -5.774321
10.323560 4.758554 -5.774321
9.862600 5.652330 -5.774321
9.324453 6.501869 -5.774321
8.713329 7.300522 -5.774321
8.034011 8.042039 -5.774321
7.291816 8.720616 -5.774321
6.492553 9.330942 -5.774321
5.642477 9.868241 -5.774321
4.748241 10.328307 -5.774321
3.816843 10.707541 -5.774321
2.855574 11.002973 -5.774321
1.871955 11.212293 -5.774321
0.873687 11.333861 -5.774321
-0.131420 11.366726 -5.774321
-1.135498 11.310631 -5.774321
-2.130690 11.166015 -5.774321
-3.109205 10.934010 -5.774321
-4.063387 10.616431 -5.774321
-4.985768 10.215764 -5.774321
-5.869128 9.735146 -5.774321
-6.706554 9.178336 -5.774321
-7.491493 8.549694 -5.774321
-8.217800 7.854138 -5.774321
-8.879792 7.097114 -5.774321
-9.472287 6.284544 -5.774321
-9.990649 5.422790 -5.774321
-10.430821 4.518595 -5.774321
-10.789357 3.579036 -5.774321
-11.063452 2.611466 -5.774321
-11.250960 1.623458 -5.774321
-11.350415 0.622744 -5.774321
-11.361037 -0.382844 -5.774321
-11.282743 -1.385435 -5.774321
-11.116147 -2.377184 -5.774321
-10.862552 -3.350328 -5.774321
-10.523942 -4.297251 -5.774321
-10.102969 -5.210542 -5.774321
-9.602926 -6.083053 -5.774321
-9.027727 -6.907957 -5.774321
-8.381874 -7.678796 -5.774321
-7.670421 -8.389539 -5.774321
-6.898937 -9.034622 -5.774321
-6.073460 -9.608996 -5.774321
-5.200449 -10.108168 -5.774321
-4.286738 -10.528229 -5.774321
-3.339477 -10.865892 -5.774321
-2.366080 -11.118515 -5.774321
-1.374166 -11.284121 -5.774321
-0.371497 -11.361413 -5.774321
0.634080 -11.349787 -5.774321
1.634694 -11.249333 -5.774321
2.622514 -11.060838 -5.774321
3.589810 -10.785777 -5.774321
4.529011 -10.426303 -5.774321
5.432765 -9.985228 -5.774321
6.294002 -9.466006 -5.774321
7.105979 -8.872699 -5.774321
7.862342 -8.209952 -5.774321
8.557171 -7.482950 -5.774321
9.185030 -6.697384 -5.774321
9.741002 -5.859402 -5.774321
10.220739 -4.975563 -5.774321
10.620484 -4.052782 -5.774321
10.937109 -3.098284 -5.774321
10.701561 -1.980531 -6.642033
10.838650 -0.984667 -6.642033
10.883268 0.019598 -6.642033
10.835033 1.023696 -6.642033
10.694358 2.019060 -6.642033
10.462443 2.997198 -6.642033
10.141265 3.949765 -6.642033
9.733566 4.868634 -6.642033
9.242823 5.745965 -6.642033
8.673224 6.574274 -6.642033
8.029629 7.346493 -6.642033
7.317527 8.056035 -6.642033
6.542994 8.696846 -6.642033
5.712639 9.263458 -6.642033
4.833546 9.751037 -6.642033
3.913215 10.155425 -6.642033
2.959497 10.473169 -6.642033
1.980531 10.701561 -6.642033
0.984667 10.838650 -6.642033
-0.019598 10.883268 -6.642033
-1.023696 10.835033 -6.642033
-2.019060 10.694358 -6.642033
-2.997198 10.462443 -6.642033
-3.949765 10.141265 -6.642033
-4.868634 9.733566 -6.642033
-5.745965 9.242823 -6.642033
-6.574274 8.673224 -6.642033
-7.346493 8.029629 -6.642033
-8.056035 7.317527 -6.642033
-8.696846 6.542994 -6.642033
-9.263458 5.712639 -6.642033
-9.751037 4.833546 -6.642033
-10.155425 3.913215 -6.642033
-10.473169 2.959497 -6.642033
-10.701561 1.980531 -6.642033
-10.838650 0.984667 -6.642033
-10.883268 -0.019598 -6.642033
-10.835033 -1.023696 -6.642033
-10.694358 -2.019060 -6.642033
-10.462443 -2.997198 -6.642033
-10.141265 -3.949765 -6.642033
-9.733566 -4.868634 -6.642033
-9.242823 -5.745965 -6.642033
-8.673224 -6.574274 -6.642033
-8.029629 -7.346493 -6.642033
-7.317527 -8.056035 -6.642033
-6.542994 -8.696846 -6.642033
-5.712639 -9.263458 -6.642033
-4.833546 -9.751037 -6.642033
-3.913215 -10.155425 -6.642033
-2.959497 -10.473169 -6.642033
-1.980531 -10.701561 -6.642033
-0.984667 -10.838650 -6.642033
0.019598 -10.883268 -6.642033
1.023696 -10.835033 -6.642033
2.019060 -10.694358 -6.642033
2.997198 -10.462443 -6.642033
3.949765 -10.141265 -6.642033
4.868634 -9.733566 -6.642033
5.745965 -9.242823 -6.642033
6.574274 -8.673224 -6.642033
7.346493 -8.029629 -6.642033
8.056035 -7.317527 -6.642033
8.696846 -6.542994 -6.642033
9.263458 -5.712639 -6.642033
9.751037 -4.833546 -6.642033
10.155425 -3.913215 -6.642033
10.473169 -2.959497 -6.642033
10.167567 -1.829432 -7.472367
10.296666 -0.839580 -7.472367
10.329629 0.158111 -7.472367
10.266147 1.154326 -7.472367
10.106812 2.139763 -7.472367
9.853113 3.105222 -7.472367
9.507418 4.041688 -7.472367
9.072954 4.940418 -7.472367
8.553779 5.793021 -7.472367
7.954740 6.591536 -7.472367
7.281429 7.328507 -7.472367
6.540134 7.997055 -7.472367
5.737775 8.590935 -7.472367
4.881844 9.104605 -7.472367
3.980333 9.533267 -7.472367
3.041658 9.872920 -7.472367
2.074585 10.120392 -7.472367
1.088141 10.273373 -7.472367
0.091538 10.330433 -7.472367
-0.905920 10.291042 -7.472367
-1.894920 10.155566 -7.472367
-2.866227 9.925270 -7.472367
-3.810773 9.602304 -7.472367
-4.719739 9.189684 -7.472367
-5.584638 8.691263 -7.472367
-6.397395 8.111694 -7.472367
-7.150421 7.456388 -7.472367
-7.836685 6.731463 -7.472367
-8.449781 5.943689 -7.472367
-8.983983 5.100420 -7.472367
-9.434304 4.209530 -7.472367
-9.796539 3.279337 -7.472367
-10.067307 2.318525 -7.472367
-10.244079 1.336066 -7.472367
-10.325205 0.341133 -7.472367
-10.309927 -0.656986 -7.472367
-10.198389 -1.648970 -7.472367
-9.991630 -2.625559 -7.472367
-9.691583 -3.577633 -7.472367
-9.301048 -4.496304 -7.472367
-8.823671 -5.372994 -7.472367
-8.263910 -6.199518 -7.472367
-7.626991 -6.968159 -7.472367
-6.918861 -7.671740 -7.472367
-6.146132 -8.303692 -7.472367
-5.316018 -8.858114 -7.472367
-4.436269 -9.329831 -7.472367
-3.515101 -9.714438 -7.472367
-2.561112 -10.008343 -7.472367
-1.583212 -10.208804 -7.472367
-0.590529 -10.313947 -7.472367
0.407667 -10.322792 -7.472367
1.402057 -10.235256 -7.472367
2.383357 -10.052156 -7.472367
3.342403 -9.775202 -7.472367
4.270243 -9.406979 -7.472367
5.158212 -8.950926 -7.472367
5.998021 -8.411301 -7.472367
6.781828 -7.793141 -7.472367
7.502314 -7.102219 -7.472367
8.152754 -6.344986 -7.472367
8.727073 -5.528511 -7.472367
9.219910 -4.660418 -7.472367
9.626663 -3.748811 -7.472367
9.943535 -2.802204 -7.472367
9.572051 -1.651903 -8.258908
9.691168 -0.658940 -8.258908
9.707557 0.341008 -8.258908
9.621043 1.337341 -8.258908
9.432543 2.319498 -8.258908
9.144057 3.277068 -8.258908
8.758641 4.199900 -8.258908
8.280381 5.078212 -8.258908
7.714347 5.902694 -8.258908
7.066539 6.664606 -8.258908
6.343824 7.355871 -8.258908
5.553863 7.969163 -8.258908
4.705029 8.497979 -8.258908
3.806322 8.936714 -8.258908
2.867266 9.280718 -8.258908
1.897816 9.526345 -8.258908
0.908249 9.670989 -8.258908
-0.090945 9.713119 -8.258908
-1.089176 9.652287 -8.258908
-2.075861 9.489138 -8.258908
-3.040541 9.225403 -8.258908
-3.972991 8.863875 -8.258908
-4.863326 8.408389 -8.258908
-5.702109 7.863771 -8.258908
-6.480448 7.235796 -8.258908
-7.190092 6.531119 -8.258908
-7.823520 5.757211 -8.258908
-8.374017 4.922275 -8.258908
-8.835747 4.035161 -8.258908
-9.203815 3.105274 -8.258908
-9.474321 2.142470 -8.258908
-9.644397 1.156956 -8.258908
-9.712240 0.159177 -8.258908
-9.677131 -0.840289 -8.258908
-9.539442 -1.830847 -8.258908
-9.300632 -2.801998 -8.258908
-8.963233 -3.743448 -8.258908
-8.530822 -4.645215 -8.258908
-8.007982 -5.497743 -8.258908
-7.400255 -6.291993 -8.258908
-6.714084 -7.019546 -8.258908
-5.956742 -7.672690 -8.258908
-5.136256 -8.244502 -8.258908
-4.261326 -8.728920 -8.258908
-3.341224 -9.120810 -8.258908
-2.385704 -9.416016 -8.258908
-1.404895 -9.611411 -8.258908
-0.409194 -9.704922 -8.258908
0.590844 -9.695558 -8.258908
1.584619 -9.583419 -8.258908
2.561598 -9.369694 -8.258908
3.511422 -9.056647 -8.258908
4.424025 -8.647598 -8.258908
5.289731 -8.146882 -8.258908
6.099366 -7.559807 -8.258908
6.844345 -6.892596 -8.258908
7.516773 -6.152322 -8.258908
8.109521 -5.346832 -8.258908
8.616306 -4.484664 -8.258908
9.031756 -3.574958 -8.258908
9.351468 -2.627356 -8.258908
8.916169 -1.464153 -8.995593
9.023123 -0.474415 -8.995593
9.020548 0.521082 -8.995593
8.908476 1.510254 -8.995593
8.688267 2.481094 -8.995593
8.362595 3.421816 -8.995593
7.935412 4.321002 -8.995593
7.411903 5.167737 -8.995593
6.798425 5.951742 -8.995593
6.102422 6.663502 -8.995593
5.332345 7.294376 -8.995593
4.497540 7.836706 -8.995593
3.608140 8.283908 -8.995593
2.674944 8.630556 -8.995593
1.709276 8.872440 -8.995593
0.722861 9.006625 -8.995593
-0.272329 9.031481 -8.995593
-1.264213 8.946708 -8.995593
-2.240752 8.753333 -8.995593
-3.190091 8.453705 -8.995593
-4.100706 8.051461 -8.995593
-4.961545 7.551483 -8.995593
-5.762157 6.959840 -8.995593
-6.492824 6.283713 -8.995593
-7.144677 5.531312 -8.995593
-7.709803 4.711767 -8.995593
-8.181343 3.835028 -8.995593
-8.553572 2.911737 -8.995593
-8.821973 1.953102 -8.995593
-8.983287 0.970758 -8.995593
-9.035556 -0.023369 -8.995593
-8.978145 -1.017213 -8.995593
-8.811752 -1.998709 -8.995593
-8.538396 -2.955943 -8.995593
-8.161396 -3.877296 -8.995593
-7.685328 -4.751585 -8.995593
-7.115969 -5.568195 -8.995593
-6.460233 -6.317215 -8.995593
-5.726078 -6.989552 -8.995593
-4.922417 -7.577046 -8.995593
-4.059004 -8.072565 -8.995593
-3.146320 -8.470094 -8.995593
-2.195444 -8.764807 -8.995593
-1.217918 -8.953127 -8.995593
-0.225608 -9.032769 -8.995593
0.769440 -9.002765 -8.995593
1.755148 -8.863480 -8.995593
2.719551 -8.616604 -8.995593
3.650942 -8.265134 -8.995593
4.538016 -7.813336 -8.995593
5.370005 -7.266695 -8.995593
6.136809 -6.631847 -8.995593
6.829120 -5.916497 -8.995593
7.438535 -5.129328 -8.995593
7.957657 -4.279897 -8.995593
8.380183 -3.378513 -8.995593
8.700985 -2.436119 -8.995593
8.208341 -1.249819 -9.675928
8.299142 -0.251301 -9.675928
8.268923 0.750883 -9.675928
8.118124 1.742116 -9.675928
7.848945 2.707946 -9.675928
7.465310 3.634288 -9.675928
6.972815 4.507634 -9.675928
6.378640 5.315248 -9.675928
5.691450 6.045354 -9.675928
4.921266 6.687305 -9.675928
4.079319 7.231740 -9.675928
3.177886 7.670720 -9.675928
2.230113 7.997844 -9.675928
1.249819 8.208341 -9.675928
0.251301 8.299142 -9.675928
-0.750883 8.268923 -9.675928
-1.742116 8.118124 -9.675928
-2.707946 7.848945 -9.675928
-3.634288 7.465310 -9.675928
-4.507634 6.972815 -9.675928
-5.315248 6.378640 -9.675928
-6.045354 5.691450 -9.675928
-6.687305 4.921266 -9.675928
-7.231740 4.079319 -9.675928
-7.670720 3.177886 -9.675928
-7.997844 2.230113 -9.675928
-8.208341 1.249819 -9.675928
-8.299142 0.251301 -9.675928
-8.268923 -0.750883 -9.675928
-8.118124 -1.742116 -9.675928
-7.848945 -2.707946 -9.675928
-7.465310 -3.634288 -9.675928
-6.972815 -4.507634 -9.675928
-6.378640 -5.315248 -9.675928
-5.691450 -6.045354 -9.675928
-4.921266 -6.687305 -9.675928
-4.079319 -7.231740 -9.675928
-3.177886 -7.670720 -9.675928
-2.230113 -7.997844 -9.675928
-1.249819 -8.208341 -9.675928
-0.251301 -8.299142 -9.675928
0.750883 -8.268923 -9.675928
1.742116 -8.118124 -9.675928
2.707946 -7.848945 -9.675928
3.634288 -7.465310 -9.675928
4.507634 -6.972815 -9.675928
5.315248 -6.378640 -9.675928
6.045354 -5.691450 -9.675928
6.687305 -4.921266 -9.675928
7.231740 -4.079319 -9.675928
7.670720 -3.177886 -9.675928
7.997844 -2.230113 -9.675928
7.452720 -1.027169 -10.293901
7.523131 -0.024653 -10.293901
7.459292 0.978302 -10.293901
7.262342 1.963799 -10.293901
6.935794 2.914253 -10.293901
6.485478 3.812701 -10.293901
5.919428 4.643112 -10.293901
5.247745 5.390666 -10.293901
4.482417 6.042024 -10.293901
3.637099 6.585561 -10.293901
2.726878 7.011580 -10.293901
1.767995 7.312476 -10.293901
0.777563 7.482881 -10.293901
-0.226746 7.519754 -10.293901
-1.227008 7.422437 -10.293901
-2.205374 7.192666 -10.293901
-3.144385 6.834542 -10.293901
-4.027284 6.354455 -10.293901
-4.838316 5.760973 -10.293901
-5.563009 5.064686 -10.293901
-6.188430 4.278020 -10.293901
-6.703417 3.415012 -10.293901
-7.098783 2.491063 -10.293901
-7.367470 1.522662 -10.293901
-7.504685 0.527088 -10.293901
-7.507978 -0.477891 -10.293901
-7.377291 -1.474343 -10.293901
-7.114957 -2.444485 -10.293901
-6.725655 -3.371005 -10.293901
-6.216335 -4.237369 -10.293901
-5.596083 -5.028117 -10.293901
-4.875970 -5.729139 -10.293901
-4.068844 -6.327924 -10.293901
-3.189110 -6.813787 -10.293901
-2.252467 -7.178057 -10.293901
-1.275628 -7.414235 -10.293901
-0.276025 -7.518106 -10.293901
0.728503 -7.487816 -10.293901
1.720032 -7.323906 -10.293901
2.680866 -7.029301 -10.293901
3.593860 -6.609257 -10.293901
4.442721 -6.071272 -10.293901
5.212302 -5.424944 -10.293901
5.888870 -4.681808 -10.293901
6.460350 -3.855125 -10.293901
6.916546 -2.959647 -10.293901
7.249315 -2.011354 -10.293901
6.649275 -0.798092 -10.849548
6.693958 0.201845 -10.849548
6.589108 1.197273 -10.849548
6.337069 2.165956 -10.849548
5.943470 3.086256 -10.849548
5.417104 3.937613 -10.849548
4.769729 4.701011 -10.849548
4.015806 5.359395 -10.849548
3.172176 5.898060 -10.849548
2.257685 6.304972 -10.849548
1.292761 6.571041 -10.849548
0.298959 6.690324 -10.849548
-0.701521 6.660156 -10.849548
-1.686330 6.481212 -10.849548
-2.633470 6.157487 -10.849548
-3.521782 5.696215 -10.849548
-4.331423 5.107699 -10.849548
-5.044308 4.405085 -10.849548
-5.644511 3.604069 -10.849548
-6.118625 2.722543 -10.849548
-6.456059 1.780201 -10.849548
-6.649275 0.798092 -10.849548
-6.693958 -0.201845 -10.849548
-6.589108 -1.197273 -10.849548
-6.337069 -2.165956 -10.849548
-5.943470 -3.086256 -10.849548
-5.417104 -3.937613 -10.849548
-4.769729 -4.701011 -10.849548
-4.015806 -5.359395 -10.849548
-3.172176 -5.898060 -10.849548
-2.257685 -6.304972 -10.849548
-1.292761 -6.571041 -10.849548
-0.298959 -6.690324 -10.849548
0.701521 -6.660156 -10.849548
1.686330 -6.481212 -10.849548
2.633470 -6.157487 -10.849548
3.521782 -5.696215 -10.849548
4.331423 -5.107699 -10.849548
5.044308 -4.405085 -10.849548
5.644511 -3.604069 -10.849548
6.118625 -2.722543 -10.849548
6.456059 -1.780201 -10.849548
5.794893 -0.565148 -11.342942
5.807049 0.422323 -11.342942
5.652147 1.397645 -11.342942
5.334643 2.332758 -11.342942
4.863671 3.200763 -11.342942
4.252780 3.976687 -11.342942
3.519544 4.638209 -11.342942
2.685058 5.166299 -11.342942
1.773327 5.545763 -11.342942
0.810581 5.765686 -11.342942
-0.175485 5.819741 -11.342942
-1.156501 5.706372 -11.342942
-2.104248 5.428841 -11.342942
-2.991459 4.995133 -11.342942
-3.792611 4.417724 -11.342942
-4.484656 3.713224 -11.342942
-5.047687 2.901902 -11.342942
-5.465504 2.007098 -11.342942
-5.726089 1.054553 -11.342942
-5.821945 0.071670 -11.342942
-5.750314 -0.913274 -11.342942
-5.513257 -1.871945 -11.342942
-5.117593 -2.776764 -11.342942
-4.574706 -3.601700 -11.342942
-3.900213 -4.323022 -11.342942
-3.113517 -4.919978 -11.342942
-2.237252 -5.375396 -11.342942
-1.296625 -5.676173 -11.342942
-0.318696 -5.813657 -11.342942
0.668401 -5.783893 -11.342942
1.636269 -5.587737 -11.342942
2.557065 -5.230831 -11.342942
3.404299 -4.723444 -11.342942
4.153597 -4.080173 -11.342942
4.783404 -3.319522 -11.342942
5.275601 -2.463374 -11.342942
5.616028 -1.536360 -11.342942
4.917484 -0.269569 -11.760450
4.866072 0.758724 -11.760450
4.601989 1.753857 -11.760450
4.136777 2.672338 -11.760450
3.490768 3.474026 -11.760450
2.692196 4.123881 -11.760450
1.775962 4.593504 -11.760450
0.782110 4.862368 -11.760450
-0.245925 4.918723 -11.760450
-1.263211 4.760107 -11.760450
-2.225288 4.393451 -11.760450
-3.090110 3.834780 -11.760450
-3.819879 3.108511 -11.760450
-4.382701 2.246385 -11.760450
-4.753979 1.286081 -11.760450
-4.917484 0.269569 -11.760450
-4.866072 -0.758724 -11.760450
-4.601989 -1.753857 -11.760450
-4.136777 -2.672338 -11.760450
-3.490768 -3.474026 -11.760450
-2.692196 -4.123881 -11.760450
-1.775962 -4.593504 -11.760450
-0.782110 -4.862368 -11.760450
0.245925 -4.918723 -11.760450
1.263211 -4.760107 -11.760450
2.225288 -4.393451 -11.760450
3.090110 -3.834780 -11.760450
3.819879 -3.108511 -11.760450
4.382701 -2.246385 -11.760450
4.753979 -1.286081 -11.760450
4.006198 0.032323 -12.104207
3.872297 1.027609 -12.104207
3.495086 1.958326 -12.104207
2.898266 2.765994 -12.104207
2.119337 3.399864 -12.104207
1.207242 3.820109 -12.104207
0.219292 4.000322 -12.104207
-0.782437 3.929180 -12.104207
-1.735003 3.611153 -12.104207
-2.578552 3.066225 -12.104207
-3.260081 2.328634 -12.104207
-3.736767 1.444726 -12.104207
-3.978659 0.470041 -12.104207
-3.970556 -0.534178 -12.104207
-3.712969 -1.504833 -12.104207
-3.222083 -2.380934 -12.104207
-2.528741 -3.107432 -12.104207
-1.676509 -3.638679 -12.104207
-0.718936 -3.941294 -12.104207
0.283811 -3.996263 -12.104207
1.268724 -3.800132 -12.104207
2.173919 -3.365225 -12.104207
2.942519 -2.718868 -12.104207
3.526230 -1.901675 -12.104207
3.888374 -0.964993 -12.104207
3.040566 0.286807 -12.378821
2.782694 1.258537 -12.378821
2.223274 2.093886 -12.378821
1.422927 2.702329 -12.378821
0.468384 3.017933 -12.378821
-0.536915 3.006497 -12.378821
-1.484032 2.669261 -12.378821
-2.270330 2.042768 -12.378821
-2.810603 1.194910 -12.378821
-3.046304 0.217565 -12.378821
-2.951890 -0.783356 -12.378821
-2.537593 -1.699389 -12.378821
-1.848309 -2.431267 -12.378821
-0.958731 -2.899679 -12.378821
0.034739 -3.053866 -12.378821
1.024446 -2.877119 -12.378821
1.903137 -2.388592 -12.378821
2.575595 -1.641224 -12.378821
2.968946 -0.716003 -12.378821
2.013664 0.534375 -12.578637
1.534674 1.408962 -12.578637
0.704110 1.960772 -12.578637
-0.287758 2.063394 -12.578637
-1.213704 1.693317 -12.578637
-1.861605 0.935321 -12.578637
-2.083035 -0.036946 -12.578637
-1.827266 -1.000748 -12.578637
-1.152893 -1.735292 -12.578637
-0.214406 -2.072300 -12.578637
0.773199 -1.934570 -12.578637
1.583673 -1.353653 -12.578637
2.031347 -0.462631 -12.578637
0.819480 0.701798 -12.704268
-0.037750 1.078260 -12.704268
-0.866554 0.642769 -12.704268
-1.042825 -0.276739 -12.704268
-0.433827 -0.987858 -12.704268
0.501851 -0.955099 -12.704268
1.059626 -0.203132 -12.704268
0.000000 0.000000 -12.750000
