5.000000
316
0.000000 0.000000 5.000000
0.884330 0.510568 4.894617
0.000000 1.021136 4.894617
-0.884330 0.510568 4.894617
-0.884330 -0.510568 4.894617
-0.000000 -1.021136 4.894617
0.884330 -0.510568 4.894617
1.867943 0.500514 4.610886
1.367429 1.367429 4.610886
0.500514 1.867943 4.610886
-0.500514 1.867943 4.610886
-1.367429 1.367429 4.610886
-1.867943 0.500514 4.610886
-1.867943 -0.500514 4.610886
-1.367429 -1.367429 4.610886
-0.500514 -1.867943 4.610886
0.500514 -1.867943 4.610886
1.367429 -1.367429 4.610886
1.867943 -0.500514 4.610886
2.768002 0.488073 4.135209
2.434140 1.405351 4.135209
1.806685 2.153123 4.135209
0.961317 2.641196 4.135209
0.000000 2.810702 4.135209
-0.961317 2.641196 4.135209
-1.806685 2.153123 4.135209
-2.434140 1.405351 4.135209
-2.768002 0.488073 4.135209
-2.768002 -0.488073 4.135209
-2.434140 -1.405351 4.135209
-1.806685 -2.153123 4.135209
-0.961317 -2.641196 4.135209
-0.000000 -2.810702 4.135209
0.961317 -2.641196 4.135209
1.806685 -2.153123 4.135209
2.434140 -1.405351 4.135209
2.768002 -0.488073 4.135209
3.544269 0.452317 3.497651
3.273269 1.432531 3.497651
2.737088 2.296690 3.497651
1.979165 2.974784 3.497651
1.060901 3.411880 3.497651
0.056689 3.572565 3.497651
-0.952115 3.443822 3.497651
-1.883784 3.036081 3.497651
-2.662841 2.382375 3.497651
-3.226170 1.535664 3.497651
-3.528134 0.564541 3.497651
-3.544269 -0.452317 3.497651
-3.273269 -1.432531 3.497651
-2.737088 -2.296690 3.497651
-1.979165 -2.974784 3.497651
-1.060901 -3.411880 3.497651
-0.056689 -3.572565 3.497651
0.952115 -3.443822 3.497651
1.883784 -3.036081 3.497651
2.662841 -2.382375 3.497651
3.226170 -1.535664 3.497651
3.528134 -0.564541 3.497651
4.155827 0.410145 2.749706
3.923265 1.430772 2.749706
3.444190 2.361498 2.749706
2.748704 3.143843 2.749706
1.880506 3.728648 2.749706
0.894150 4.079168 2.749706
-0.148390 4.173380 2.749706
-1.181605 4.005362 2.749706
-2.140576 3.585673 2.749706
-2.965046 2.940683 2.749706
-3.603212 2.110919 2.749706
-4.014975 1.148518 2.749706
-4.174462 0.113952 2.749706
-4.071652 -0.927775 2.749706
-3.713006 -1.911206 2.749706
-3.121057 -2.774549 2.749706
-2.333001 -3.463556 2.749706
-1.398354 -3.934936 2.749706
-0.375844 -4.159070 2.749706
0.670283 -4.121873 2.749706
1.674293 -3.825685 2.749706
2.573101 -3.289114 2.749706
3.310232 -2.545876 2.749706
3.839368 -1.642672 2.749706
4.127263 -0.636252 2.749706
4.617406 0.314656 1.892235
4.441812 1.299906 1.892235
4.058524 2.224373 1.892235
3.485463 3.044831 1.892235
2.749426 3.722916 1.892235
1.884829 4.226922 1.892235
0.932100 4.533281 1.892235
-0.064213 4.627669 1.892235
-1.057524 4.505673 1.892235
-2.001387 4.172997 1.892235
-2.851666 3.645195 1.892235
-3.568605 2.946949 1.892235
-4.118680 2.110906 1.892235
-4.476170 1.176160 1.892235
-4.624359 0.186418 1.892235
-4.556318 -0.812041 1.892235
-4.275229 -1.772530 1.892235
-3.794235 -2.650137 1.892235
-3.135827 -3.403827 1.892235
-2.330791 -3.998357 1.892235
-1.416770 -4.405929 1.892235
-0.436502 -4.607485 1.892235
0.564176 -4.593599 1.892235
1.538474 -4.364922 1.892235
2.440835 -3.932146 1.892235
3.229064 -3.315508 1.892235
3.866307 -2.543839 1.892235
4.322765 -1.653224 1.892235
4.577096 -0.685306 1.892235
4.897992 0.316012 0.953838
4.725257 1.327457 0.953838
4.346005 2.280885 0.953838
3.776812 3.134627 0.953838
3.042554 3.851371 0.953838
2.175321 4.399792 0.953838
1.213017 4.755921 0.953838
0.197698 4.904193 0.953838
-0.826261 4.838128 0.953838
-1.814108 4.560614 0.953838
-2.722671 4.083780 0.953838
-3.512240 3.428464 0.953838
-4.148306 2.623308 0.953838
-4.603072 1.703501 0.953838
-4.856662 0.709243 0.953838
-4.897992 -0.316012 0.953838
-4.725257 -1.327457 0.953838
-4.346005 -2.280885 0.953838
-3.776812 -3.134627 0.953838
-3.042554 -3.851371 0.953838
-2.175321 -4.399792 0.953838
-1.213017 -4.755921 0.953838
-0.197698 -4.904193 0.953838
0.826261 -4.838128 0.953838
1.814108 -4.560614 0.953838
2.722671 -4.083780 0.953838
3.512240 -3.428464 0.953838
4.148306 -2.623308 0.953838
4.603072 -1.703501 0.953838
4.856662 -0.709243 0.953838
4.928642 0.841719 0.000000
4.645936 1.848047 0.000000
4.160180 2.773608 0.000000
3.492605 3.577948 0.000000
2.672386 4.225914 0.000000
1.735371 4.689188 0.000000
0.722512 4.947522 0.000000
-0.321924 4.989626 0.000000
-1.352291 4.813659 0.000000
-2.323556 4.427311 0.000000
-3.193271 3.847470 0.000000
-3.923424 3.099475 0.000000
-4.482105 2.216018 0.000000
-4.844896 1.235711 0.000000
-4.995942 0.201397 0.000000
-4.928642 -0.841719 0.000000
-4.645936 -1.848047 0.000000
-4.160180 -2.773608 0.000000
-3.492605 -3.577948 0.000000
-2.672386 -4.225914 0.000000
-1.735371 -4.689188 0.000000
-0.722512 -4.947522 0.000000
0.321924 -4.989626 0.000000
1.352291 -4.813659 0.000000
2.323556 -4.427311 0.000000
3.193271 -3.847470 0.000000
3.923424 -3.099475 0.000000
4.482105 -2.216018 0.000000
4.844896 -1.235711 0.000000
4.995942 -0.201397 0.000000
4.725257 1.327457 -0.953838
4.346005 2.280885 -0.953838
3.776812 3.134627 -0.953838
3.042554 3.851371 -0.953838
2.175321 4.399792 -0.953838
1.213017 4.755921 -0.953838
0.197698 4.904193 -0.953838
-0.826261 4.838128 -0.953838
-1.814108 4.560614 -0.953838
-2.722671 4.083780 -0.953838
-3.512240 3.428464 -0.953838
-4.148306 2.623308 -0.953838
-4.603072 1.703501 -0.953838
-4.856662 0.709243 -0.953838
-4.897992 -0.316012 -0.953838
-4.725257 -1.327457 -0.953838
-4.346005 -2.280885 -0.953838
-3.776812 -3.134627 -0.953838
-3.042554 -3.851371 -0.953838
-2.175321 -4.399792 -0.953838
-1.213017 -4.755921 -0.953838
-0.197698 -4.904193 -0.953838
0.826261 -4.838128 -0.953838
1.814108 -4.560614 -0.953838
2.722671 -4.083780 -0.953838
3.512240 -3.428464 -0.953838
4.148306 -2.623308 -0.953838
4.603072 -1.703501 -0.953838
4.856662 -0.709243 -0.953838
4.897992 0.316012 -0.953838
4.441812 1.299906 -1.892235
4.058524 2.224373 -1.892235
3.485463 3.044831 -1.892235
2.749426 3.722916 -1.892235
1.884829 4.226922 -1.892235
0.932100 4.533281 -1.892235
-0.064213 4.627669 -1.892235
-1.057524 4.505673 -1.892235
-2.001387 4.172997 -1.892235
-2.851666 3.645195 -1.892235
-3.568605 2.946949 -1.892235
-4.118680 2.110906 -1.892235
-4.476170 1.176160 -1.892235
-4.624359 0.186418 -1.892235
-4.556318 -0.812041 -1.892235
-4.275229 -1.772530 -1.892235
-3.794235 -2.650137 -1.892235
-3.135827 -3.403827 -1.892235
-2.330791 -3.998357 -1.892235
-1.416770 -4.405929 -1.892235
-0.436502 -4.607485 -1.892235
0.564176 -4.593599 -1.892235
1.538474 -4.364922 -1.892235
2.440835 -3.932146 -1.892235
3.229064 -3.315508 -1.892235
3.866307 -2.543839 -1.892235
4.322765 -1.653224 -1.892235
4.577096 -0.685306 -1.892235
4.617406 0.314656 -1.892235
3.959134 1.328298 -2.749706
3.504417 2.271163 -2.749706
2.829504 3.071324 -2.749706
1.976802 3.678501 -2.749706
0.999891 4.054545 -2.749706
-0.039846 4.175827 -2.749706
-1.077080 4.034726 -2.749706
-2.046638 3.640109 -2.749706
-2.887597 3.016770 -2.749706
-3.547118 2.203877 -2.749706
-3.983761 1.252505 -2.749706
-4.170089 0.222435 -2.749706
-4.094395 -0.821613 -2.749706
-3.761435 -1.814035 -2.749706
-3.192131 -2.692474 -2.749706
-2.422253 -3.401736 -2.749706
-1.500176 -3.897254 -2.749706
-0.483838 -4.147893 -2.749706
0.562902 -4.137905 -2.749706
1.574273 -3.867917 -2.749706
2.486726 -3.354894 -2.749706
3.242929 -2.631070 -2.749706
3.795367 -1.741927 -2.749706
4.109328 -0.743331 -2.749706
4.165085 0.301970 -2.749706
3.339312 1.270995 -3.497651
2.845966 2.160304 -3.497651
2.122056 2.874598 -3.497651
1.226230 3.356009 -3.497651
0.231063 3.565536 -3.497651
-0.782825 3.486204 -3.497651
-1.733292 3.124441 -3.497651
-2.543338 2.509555 -3.497651
-3.147338 1.691359 -3.497651
-3.496360 0.736139 -3.497651
-3.562127 -0.278718 -3.497651
-3.339312 -1.270995 -3.497651
-2.845966 -2.160304 -3.497651
-2.122056 -2.874598 -3.497651
-1.226230 -3.356009 -3.497651
-0.231063 -3.565536 -3.497651
0.782825 -3.486204 -3.497651
1.733292 -3.124441 -3.497651
2.543338 -2.509555 -3.497651
3.147338 -1.691359 -3.497651
3.496360 -0.736139 -3.497651
3.562127 0.278718 -3.497651
2.539363 1.204859 -4.135209
1.974135 2.000710 -4.135209
1.170796 2.555246 -4.135209
0.226243 2.801582 -4.135209
-0.745599 2.710006 -4.135209
-1.627510 2.291563 -4.135209
-2.313120 1.596723 -4.135209
-2.719733 0.709296 -4.135209
-2.798307 -0.263684 -4.135209
-2.539363 -1.204859 -4.135209
-1.974135 -2.000710 -4.135209
-1.170796 -2.555246 -4.135209
-0.226243 -2.801582 -4.135209
0.745599 -2.710006 -4.135209
1.627510 -2.291563 -4.135209
2.313120 -1.596723 -4.135209
2.719733 -0.709296 -4.135209
2.798307 0.263684 -4.135209
1.473061 1.252923 -4.610886
0.649247 1.821594 -4.610886
-0.348533 1.902170 -4.610886
-1.252923 1.473061 -4.610886
-1.821594 0.649247 -4.610886
-1.902170 -0.348533 -4.610886
-1.473061 -1.252923 -4.610886
-0.649247 -1.821594 -4.610886
0.348533 -1.902170 -4.610886
1.252923 -1.473061 -4.610886
1.821594 -0.649247 -4.610886
1.902170 0.348533 -4.610886
0.082195 1.017823 -4.894617
-0.840363 0.580094 -4.894617
-0.922558 -0.437729 -4.894617
-0.082195 -1.017823 -4.894617
0.840363 -0.580094 -4.894617
0.922558 0.437729 -4.894617
0.000000 0.000000 -5.000000
