4.250000
229
0.000000 0.000000 4.250000
0.962703 0.463614 4.113486
0.237768 1.041730 4.113486
-0.666211 0.835403 4.113486
-1.068520 0.000000 4.113486
-0.666211 -0.835403 4.113486
0.237768 -1.041730 4.113486
0.962703 -0.463614 4.113486
2.016570 0.139458 3.738515
1.720775 1.060630 3.738515
1.030771 1.738825 3.738515
0.104630 2.018676 3.738515
-0.845481 1.836073 3.738515
-1.601902 1.232847 3.738515
-1.991346 0.347191 3.738515
-1.924597 -0.618002 3.738515
-1.416947 -1.441619 3.738515
-0.584690 -1.934978 3.738515
0.381512 -1.985057 3.738515
1.260314 -1.580383 3.738515
1.850393 -0.813663 3.738515
2.840033 -0.147201 3.158329
2.719104 0.833025 3.158329
2.270211 1.712775 3.158329
1.547497 2.385940 3.158329
0.638132 2.771326 3.158329
-0.348202 2.822448 3.158329
-1.292537 2.533142 3.158329
-2.080973 1.938301 3.158329
-2.618413 1.109673 3.158329
-2.840033 0.147201 3.158329
-2.719104 -0.833025 3.158329
-2.270211 -1.712775 3.158329
-1.547497 -2.385940 3.158329
-0.638132 -2.771326 3.158329
0.348202 -2.822448 3.158329
1.292537 -2.533142 3.158329
2.080973 -1.938301 3.158329
2.618413 -1.109673 3.158329
3.486785 -0.420717 2.393288
3.470994 0.535607 2.393288
3.197774 1.452209 2.393288
2.687391 2.261106 2.393288
1.977696 2.902307 2.393288
1.121325 3.328258 2.393288
0.181790 3.507367 2.393288
-0.771228 3.426351 2.393288
-1.667047 3.091218 2.393288
-2.439229 2.526823 2.393288
-3.030504 1.775025 2.393288
-3.397021 0.891582 2.393288
-3.511596 -0.057985 2.393288
-3.365733 -1.003252 2.393288
-2.970248 -1.874113 2.393288
-2.354473 -2.605979 2.393288
-1.564078 -3.144571 2.393288
-0.657683 -3.449946 2.393288
0.297490 -3.499453 2.393288
1.230599 -3.289422 2.393288
2.072441 -2.835430 2.393288
2.760579 -2.171146 2.393288
3.243977 -1.345839 2.393288
3.941417 -0.541253 1.494917
3.952194 0.455942 1.494917
3.714641 1.424488 1.494917
3.243683 2.303529 1.494917
2.568912 3.037831 1.494917
1.732727 3.581254 1.494917
0.787669 3.899654 1.494917
-0.206882 3.973024 1.494917
-1.188433 3.796755 1.494917
-2.095311 3.381922 1.494917
-2.870533 2.754590 1.494917
-3.465388 1.954177 1.494917
-3.842501 1.030976 1.494917
-3.978175 0.042995 1.494917
-3.863885 -0.947688 1.494917
-3.506814 -1.878824 1.494917
-2.929396 -2.691906 1.494917
-2.167914 -3.335846 1.494917
-1.270214 -3.770183 1.494917
-0.292701 -3.967625 1.494917
0.703203 -3.915767 1.494917
1.654922 -3.617866 1.494917
2.502656 -3.092642 1.494917
3.193139 -2.373096 1.494917
3.682986 -1.504439 1.494917
4.170020 -0.632086 0.523357
4.203385 0.346625 0.523357
4.010145 1.306649 0.523357
3.600718 2.196231 0.523357
2.997174 2.967414 0.523357
2.232052 3.578623 0.523357
1.346600 3.996907 0.523357
0.388552 4.199717 0.523357
-0.590443 4.176119 0.523357
-1.537607 3.927386 0.523357
-2.401878 3.466926 0.523357
-3.136664 2.819563 0.523357
-3.702351 2.020197 0.523357
-4.068443 1.111922 0.523357
-4.215204 0.143702 0.523357
-4.134723 -0.832264 0.523357
-3.831338 -1.763363 0.523357
-3.321404 -2.599399 0.523357
-2.632412 -3.295300 0.523357
-1.801507 -3.813551 0.523357
-0.873482 -4.126212 0.523357
0.101633 -4.216428 0.523357
1.071269 -4.079336 0.523357
1.983152 -3.722325 0.523357
2.788123 -3.164643 0.523357
3.442786 -2.436354 0.523357
3.911847 -1.576721 0.523357
4.169575 -0.649755 -0.504935
4.209620 0.294354 -0.504935
4.038576 1.223702 -0.504935
3.665021 2.091689 -0.504935
3.107687 2.854790 -0.504935
2.394520 3.474740 -0.504935
1.561282 3.920451 -0.504935
0.649755 4.169575 -0.504935
-0.294354 4.209620 -0.504935
-1.223702 4.038576 -0.504935
-2.091689 3.665021 -0.504935
-2.854790 3.107687 -0.504935
-3.474740 2.394520 -0.504935
-3.920451 1.561282 -0.504935
-4.169575 0.649755 -0.504935
-4.209620 -0.294354 -0.504935
-4.038576 -1.223702 -0.504935
-3.665021 -2.091689 -0.504935
-3.107687 -2.854790 -0.504935
-2.394520 -3.474740 -0.504935
-1.561282 -3.920451 -0.504935
-0.649755 -4.169575 -0.504935
0.294354 -4.209620 -0.504935
1.223702 -4.038576 -0.504935
2.091689 -3.665021 -0.504935
2.854790 -3.107687 -0.504935
3.474740 -2.394520 -0.504935
3.920451 -1.561282 -0.504935
3.948266 -0.488795 -1.494917
3.945782 0.508455 -1.494917
3.695370 1.473757 -1.494917
3.212765 2.346458 -1.494917
2.528290 3.071722 -1.494917
1.684953 3.603978 -1.494917
0.735744 3.909783 -1.494917
-0.259694 3.969922 -1.494917
-1.238815 3.780616 -1.494917
-2.140096 3.353761 -1.494917
-2.906908 2.716176 -1.494917
-3.491067 1.907923 -1.494917
-3.855870 0.979789 -1.494917
-3.978395 -0.009908 -1.494917
-3.850942 -0.998984 -1.494917
-3.481520 -1.925289 -1.494917
-2.893342 -2.730622 -1.494917
-2.123365 -3.364379 -1.494917
-1.219968 -3.786740 -1.494917
-0.239917 -3.971166 -1.494917
0.755210 -3.906070 -1.494917
1.702883 -3.595540 -1.494917
2.543559 -3.059090 -1.494917
3.224413 -2.330426 -1.494917
3.702665 -1.455332 -1.494917
3.495953 -0.336135 -2.393288
3.457001 0.619527 -2.393288
3.161660 1.529241 -2.393288
2.631833 2.325538 -2.393288
1.906814 2.949361 -2.393288
1.040377 3.354443 -2.393288
0.096779 3.510741 -2.393288
-0.853997 3.406664 -2.393288
-1.741435 3.049930 -2.393288
-2.499719 2.466997 -2.393288
-3.072611 1.701098 -2.393288
-3.417621 0.809036 -2.393288
-3.509161 -0.143028 -2.393288
-3.340444 -1.084485 -2.393288
-2.923980 -1.945510 -2.393288
-2.290659 -2.662246 -2.393288
-1.487450 -3.181535 -2.393288
-0.573923 -3.464864 -2.393288
0.382169 -3.491220 -2.393288
1.309917 -3.258648 -2.393288
2.140514 -2.784398 -2.393288
2.812360 -2.103641 -2.393288
3.275625 -1.266866 -2.393288
2.843628 -0.035214 -3.158329
2.684180 0.939488 -3.158329
2.200980 1.800873 -3.158329
1.452310 2.445047 -3.158329
0.528469 2.794312 -3.158329
-0.459112 2.806541 -3.158329
-1.391318 2.480260 -3.158329
-2.155710 1.854824 -3.158329
-2.660092 1.005668 -3.158329
-2.843628 0.035214 -3.158329
-2.684180 -0.939488 -3.158329
-2.200980 -1.800873 -3.158329
-1.452310 -2.445047 -3.158329
-0.528469 -2.794312 -3.158329
0.459112 -2.806541 -3.158329
1.391318 -2.480260 -3.158329
2.155710 -1.854824 -3.158329
2.660092 -1.005668 -3.158329
2.002913 0.272658 -3.738515
1.646781 1.172227 -3.738515
0.913391 1.803252 -3.738515
-0.029245 2.021175 -3.738515
-0.965182 1.776070 -3.738515
-1.680007 1.124089 -3.738515
-2.009963 0.214593 -3.738515
-1.879460 -0.744063 -3.738515
-1.318396 -1.532264 -3.738515
-0.455303 -1.969442 -3.738515
0.512094 -1.955444 -3.738515
1.362177 -1.493478 -3.738515
1.900202 -0.689373 -3.738515
0.891370 0.589232 -4.113486
0.095080 1.064282 -4.113486
-0.772808 0.737905 -4.113486
-1.058755 -0.144129 -4.113486
-0.547438 -0.917631 -4.113486
0.376111 -1.000138 -4.113486
1.016441 -0.329521 -4.113486
0.000000 0.000000 -4.250000
