70 10.205792 50
68.199807 13.781082 58.042767
47.738251 14.274054 57.385120
69.432082 10.302159 11.129518
34.038896 45.979481 46.321546
59.398117 25.519369 22.597098
0.696203 56.006140 34.423081
12.431750 24.224864 47.296775
67.970950 54.593430 57.815068
68.385741 34.190745 58.252305
11.056607 23.744104 0.374583
44.929358 33.077488 34.851184
57.930560 69.345078 47.904861
33.756620 22.542690 69.745395
24.872837 60.154107 57.797438
21.768168 35.960500 33.449793
8.341255 69.184244 48.007026
35.632003 48.653080 25.492074
10.673111 44.913844 0.527012
30.427914 42.344572 66.079609
68.019002 60.243823 14.636535
56.404944 45.923447 23.900154
6.171679 42.354520 20.270866
9.414589 67.120863 69.161403
43.532670 36.067797 11.498400
9.920046 22.515125 23.678576
32.703011 25.486165 49.326025
57.425054 24.261314 2.320089
14.067841 44.549161 50.289409
44.651073 55.935039 60.635922
67.619001 14.063782 37.603082
54.099193 48.917968 43.958796
33.592515 19.346169 23.284331
46.367685 58.009720 10.869106
36.868768 2.370400 69.906706
24.694358 57.041365 9.181948
24.439352 9.978799 38.940153
57.328907 69.935464 68.375006
38.329608 65.734568 43.500356
53.819181 65.698470 28.246997
10.133657 2.309671 26.564194
48.025006 35.630085 58.212540
20.939055 57.925023 36.205669
49.269710 9.870915 14.280004
23.317295 33.822178 13.209720
60.478918 44.576534 3.944670
68.361820 35.636251 37.891983
21.419965 10.227630 59.125647
21.016414 9.266713 10.759196
47.247986 12.914840 37.024742
33.731349 68.913839 23.554959
