122
12.477009 98.505890 75.232140
22.350105 10.952972 73.270325
89.378403 13.804695 27.022560
62.252617 92.976456 41.729126
2.056763 28.785019 73.867622
25.273331 30.735825 74.170830
4.664295 45.039284 73.857590
46.876610 82.234009 51.128151
94.941422 33.133835 31.384331
57.768066 91.993301 26.138123
40.914330 88.020721 65.960854
38.489799 19.058571 85.484940
68.826935 77.874016 57.320694
14.743309 56.276123 41.359863
32.321556 9.726582 74.785812
8.368896 55.629059 50.409439
56.797272 30.079926 0.370815
14.900452 6.671356 66.986458
78.340744 75.374710 33.671364
92.387894 49.380615 39.473358
59.939491 68.950745 55.047600
23.363655 44.575073 71.724945
30.236183 23.916046 6.014709
99.769562 93.178864 25.492531
3.252579 70.374031 63.277672
26.738007 35.059021 92.066299
70.165009 0.736217 56.849953
32.764702 18.848434 46.592072
53.718094 76.189606 8.852692
40.994980 50.231171 13.704990
93.176605 84.607025 98.163544
39.281487 8.986504 80.847366
10.170189 14.357918 99.365646
81.334946 33.157471 56.550201
40.753891 56.371262 57.316505
14.713089 96.682373 26.825829
76.800858 86.681320 56.345032
88.426788 38.946564 74.015762
11.497871 73.444092 47.526627
21.335358 80.588562 42.467789
97.041672 5.531422 29.313133
61.641762 89.000015 42.514137
69.143631 59.154366 26.322540
51.761040 89.000137 68.219734
51.597603 72.346901 21.234642
26.919144 14.559479 89.000092
66.752182 5.368973 28.391754
43.905212 39.575073 88.998764
5.910210 86.752808 9.192204
27.393532 88.984146 27.342690
70.472412 7.684288 89.000031
18.206474 89.000000 10.444748
72.561264 9.750450 32.862457
23.624786 7.267445 11.569038
46.835129 17.240471 47.841881
40.676270 41.448425 89.000000
49.135323 52.356499 13.697628
49.718651 58.301346 89.000137
5.645641 89.000122 55.951622
59.947372 57.606934 40.688278
2.075016 62.054848 38.545403
55.926903 69.085754 25.336304
56.107964 84.157730 69.830719
26.633774 51.839127 8.865726
46.811478 9.447216 13.607937
44.272598 15.196968 89.000046
9.550114 26.934525 18.609299
80.919113 89.000046 75.166000
14.319717 89.000000 65.182007
57.936562 89.000031 89.000076
20.136284 69.106293 41.816681
42.862900 57.887077 29.852783
49.293503 24.398079 74.019394
55.120117 88.948685 88.997498
43.501945 89.000000 15.953651
27.172043 37.077629 30.898903
73.602776 58.297028 71.799194
89.000702 72.268745 89.000061
37.272324 32.016090 88.996338
79.842636 25.516266 70.653557
71.366760 71.038857 17.075203
34.389565 1.488453 85.665771
4.483231 12.813442 48.000397
95.303375 66.004845 36.930878
57.817146 33.306107 11.879631
65.452156 83.724518 40.835884
70.592110 37.893883 49.709015
95.244537 44.302086 13.051979
99.341507 55.405350 22.333069
94.986832 37.424332 20.236526
97.267746 97.383469 42.318756
82.796082 25.429726 4.152016
61.387947 52.840981 65.961845
55.038620 62.856522 87.963608
79.137543 32.326286 93.162216
91.882828 43.393486 87.582870
38.351601 69.904572 62.920372
36.151520 60.206650 63.178650
93.350037 10.876724 9.998905
83.009201 24.796227 45.930595
22.163979 28.631950 21.367378
98.264221 25.268913 7.137600
12.929600 68.844070 79.854324
25.805855 82.320343 88.794281
6.016418 69.008827 73.349747
15.594521 65.274490 79.209351
27.256828 77.815033 33.157806
46.195877 45.720856 22.455605
13.344521 12.632156 52.773987
75.403328 51.136818 65.812523
49.311462 0.762920 12.819607
12.551010 92.715912 55.716530
57.460083 57.605377 56.184341
29.834480 83.818787 74.547310
52.428383 96.941864 94.276962
37.900459 71.933502 77.433044
47.053291 27.192558 69.740677
1.373833 80.215652 77.669937
80.397812 35.685066 76.175117
12.650482 99.395630 45.258987
33.996002 30.973312 12.253471
34.088989 94.348236 69.065910
