30 4.115310 50
29.228489 20.459251 29.756607
14.588098 25.456336 0.298373
5.327893 29.130407 29.308175
4.738546 19.255439 24.827383
14.467123 10.659787 9.329215
3.574824 15.270859 4.574190
13.040534 29.151001 24.173548
2.645005 4.034824 18.656858
4.251448 14.015576 24.610737
6.029075 19.136174 28.979572
23.185368 14.396792 19.871865
15.800900 10.583296 10.474008
24.569532 16.426975 23.065363
4.342996 20.582146 8.973881
21.115590 9.993127 25.919536
29.297923 9.179985 9.007035
20.249137 14.456293 5.906178
6.117452 4.415211 19.705492
10.936872 24.002632 10.382084
23.397184 14.653176 10.176045
14.176066 29.719319 9.661153
25.780332 15.411643 29.650390
20.851320 19.248790 18.147674
25.818781 19.681477 18.151937
28.766084 15.457627 9.649339
10.922642 10.397706 19.092497
23.972160 6.027335 20.964844
8.291215 24.861309 1.015886
24.446299 4.276628 29.972342
28.171958 28.156487 0.989859
15.270036 24.825010 4.230392
14.495219 19.104229 15.272679
4.383270 3.971448 5.534931
29.534502 24.875472 24.593623
4.769794 19.852091 9.684470
14.752749 20.270046 24.777886
24.965274 0.160536 14.936222
20.530655 29.890884 24.770331
14.335626 20.574440 10.925175
0.225862 28.319832 6.272801
10.242923 8.687514 29.640601
4.927886 10.147961 21.139725
0.994324 21.552604 25.986824
16.115606 18.839484 9.978999
4.658188 29.960017 3.935120
16.688637 29.303574 18.643010
12.105856 11.384655 24.948231
15.516715 6.120002 5.661308
1.690573 16.239421 25.339563
4.611084 15.867747 10.094983
