15.089470
2863
0.000000 0.000000 15.089470
0.972252 0.468212 15.050834
0.240126 1.052062 15.050834
-0.672819 0.843689 15.050834
-1.079118 0.000000 15.050834
-0.672819 -0.843689 15.050834
0.240126 -1.052062 15.050834
0.972252 -0.468212 15.050834
2.080265 0.143863 14.944695
1.775127 1.094131 14.944695
1.063329 1.793748 14.944695
0.107935 2.082438 14.944695
-0.872186 1.894067 14.944695
-1.652499 1.271788 14.944695
-2.054245 0.358158 14.944695
-1.985388 -0.637522 14.944695
-1.461702 -1.487154 14.944695
-0.603158 -1.996096 14.944695
0.393562 -2.047757 14.944695
1.300122 -1.630301 14.944695
1.908840 -0.839363 14.944695
3.052618 -0.216680 14.775882
2.957575 0.786243 14.775882
2.542033 1.703966 14.775882
1.851022 2.437037 14.775882
0.959424 2.906017 14.775882
-0.036143 3.060085 14.775882
-1.027793 2.882546 14.775882
-1.908065 2.392638 14.775882
-2.581569 1.643450 14.775882
-2.975320 0.716170 14.775882
-3.046649 -0.288719 14.775882
-2.787826 -1.262321 14.775882
-2.226899 -2.099130 14.775882
-1.424653 -2.708467 14.775882
-0.468024 -3.024299 14.775882
0.539323 -3.012401 14.775882
1.488226 -2.674063 14.775882
2.275857 -2.045948 14.775882
2.816863 -1.196124 14.775882
3.990398 -0.617532 14.539171
4.022229 0.355377 14.539171
3.820303 1.307633 14.539171
3.396355 2.183894 14.539171
2.775023 2.933235 14.539171
1.992417 3.512107 14.539171
1.094018 3.886868 14.539171
0.132040 4.035738 14.539171
-0.837612 3.950066 14.539171
-1.758586 3.634831 14.539171
-2.577356 3.108352 14.539171
-3.246340 2.401227 14.539171
-3.726659 1.554552 14.539171
-3.990398 0.617532 14.539171
-4.022229 -0.355377 14.539171
-3.820303 -1.307633 14.539171
-3.396355 -2.183894 14.539171
-2.775023 -2.933235 14.539171
-1.992417 -3.512107 14.539171
-1.094018 -3.886868 14.539171
-0.132040 -4.035738 14.539171
0.837612 -3.950066 14.539171
1.758586 -3.634831 14.539171
2.577356 -3.108352 14.539171
3.246340 -2.401227 14.539171
3.726659 -1.554552 14.539171
4.908549 -0.936970 14.237989
4.996682 0.070293 14.237989
4.880249 1.074679 14.237989
4.564019 2.035067 14.237989
4.060937 2.912140 14.237989
3.391600 3.669989 14.237989
2.583411 4.277588 14.237989
1.669456 4.710062 14.237989
0.687154 4.949706 14.237989
-0.323281 4.986708 14.237989
-1.320480 4.819554 14.237989
-2.263619 4.455087 14.237989
-3.114085 3.908228 14.237989
-3.837060 3.201365 14.237989
-4.402945 2.363439 14.237989
-4.788573 1.428753 14.237989
-4.978157 0.435573 14.237989
-4.963934 -0.575439 14.237989
-4.746487 -1.562892 14.237989
-4.334718 -2.486360 14.237989
-3.745486 -3.308037 14.237989
-3.002912 -3.994282 14.237989
-2.137400 -4.517000 14.237989
-1.184381 -4.854793 14.237989
-0.182875 -4.993829 14.237989
0.826119 -4.928417 14.237989
1.801292 -4.661236 14.237989
2.702719 -4.203223 14.237989
3.493497 -3.573129 14.237989
4.141250 -2.796751 14.237989
4.619460 -1.905874 14.237989
5.784602 -1.313522 13.874622
5.921906 -0.343493 13.874622
5.897676 0.635906 13.874622
5.712573 1.597958 13.874622
5.371646 2.516423 13.874622
4.884194 3.366246 13.874622
4.263514 4.124247 13.874622
3.526537 4.769749 13.874622
2.693364 5.285144 13.874622
1.786724 5.656375 13.874622
0.831347 5.873315 13.874622
-0.146707 5.930046 13.874622
-1.120760 5.825020 13.874622
-2.064241 5.561103 13.874622
-2.951415 5.145494 13.874622
-3.758082 4.589530 13.874622
-4.462239 3.908374 13.874622
-5.044677 3.120609 13.874622
-5.489509 2.247721 13.874622
-5.784602 1.313522 13.874622
-5.921906 0.343493 13.874622
-5.897676 -0.635906 13.874622
-5.712573 -1.597958 13.874622
-5.371646 -2.516423 13.874622
-4.884194 -3.366246 13.874622
-4.263514 -4.124247 13.874622
-3.526537 -4.769749 13.874622
-2.693364 -5.285144 13.874622
-1.786724 -5.656375 13.874622
-0.831347 -5.873315 13.874622
0.146707 -5.930046 13.874622
1.120760 -5.825020 13.874622
2.064241 -5.561103 13.874622
2.951415 -5.145494 13.874622
3.758082 -4.589530 13.874622
4.462239 -3.908374 13.874622
5.044677 -3.120609 13.874622
5.489509 -2.247721 13.874622
6.648676 -1.631197 13.447171
6.815328 -0.645759 13.447171
6.836722 0.353442 13.447171
6.712404 1.345110 13.447171
6.445023 2.308110 13.447171
6.040278 3.221916 13.447171
5.506794 4.067053 13.447171
4.855942 4.825507 13.447171
4.101595 5.481114 13.447171
3.259829 6.019901 13.447171
2.348585 6.430384 13.447171
1.387286 6.703815 13.447171
0.396419 6.834365 13.447171
-0.602897 6.819253 13.447171
-1.589363 6.658800 13.447171
-2.541955 6.356427 13.447171
-3.440370 5.918577 13.447171
-4.265459 5.354583 13.447171
-4.999637 4.676465 13.447171
-5.627256 3.898677 13.447171
-6.134941 3.037795 13.447171
-6.511869 2.112168 13.447171
-6.750009 1.141524 13.447171
-6.844284 0.146550 13.447171
-6.792684 -0.851548 13.447171
-6.596311 -1.831496 13.447171
-6.259349 -2.772409 13.447171
-5.788979 -3.654233 13.447171
-5.195227 -4.458173 13.447171
-4.490749 -5.167095 13.447171
-3.690557 -5.765890 13.447171
-2.811708 -6.241794 13.447171
-1.872932 -6.584666 13.447171
-0.894238 -6.787196 13.447171
0.103515 -6.845070 13.447171
1.099062 -6.757052 13.447171
2.071185 -6.525020 13.447171
2.999163 -6.153919 13.447171
3.863220 -5.651657 13.447171
4.644939 -5.028940 13.447171
5.327659 -4.299040 13.447171
5.896830 -3.477513 13.447171
6.340319 -2.581869 13.447171
7.471237 -1.963456 12.962159
7.660979 -0.991936 12.962159
7.724928 -0.004128 12.962159
7.662035 0.983748 12.962159
7.473331 1.955471 12.962159
7.161915 2.895085 12.962159
6.732900 3.787161 12.962159
6.193332 4.617053 12.962159
5.552069 5.371133 12.962159
4.819641 6.037019 12.962159
4.008075 6.603777 12.962159
3.130697 7.062101 12.962159
2.201912 7.404466 12.962159
1.236973 7.625250 12.962159
0.251722 7.720827 12.962159
-0.737662 7.689629 12.962159
-1.714934 7.532167 12.962159
-2.664047 7.251027 12.962159
-3.569416 6.850825 12.962159
-4.416175 6.338133 12.962159
-5.190421 5.721370 12.962159
-5.879440 5.010661 12.962159
-6.471919 4.217677 12.962159
-6.958129 3.355440 12.962159
-7.330087 2.438106 12.962159
-7.581685 1.480738 12.962159
-7.708792 0.499057 12.962159
-7.709321 -0.490819 12.962159
-7.583263 -1.472635 12.962159
-7.332688 -2.430271 12.962159
-6.961711 -3.348002 12.962159
-6.476422 -4.210759 12.962159
-5.884791 -5.004375 12.962159
-5.196532 -5.715819 12.962159
-4.422946 -6.333410 12.962159
-3.576735 -6.847007 12.962159
-2.671794 -7.248176 12.962159
-1.722982 -7.530330 12.962159
-0.745880 -7.688836 12.962159
0.243471 -7.721092 12.962159
1.228823 -7.626567 12.962159
2.193998 -7.406815 12.962159
3.123148 -7.065443 12.962159
4.001016 -6.608056 12.962159
4.813187 -6.042166 12.962159
5.546326 -5.377063 12.962159
6.188394 -4.623669 12.962159
6.728849 -3.794354 12.962159
7.158817 -2.902737 12.962159
8.265826 -2.266972 12.418899
8.473115 -1.292039 12.418899
8.565819 -0.299635 12.418899
8.542686 0.696822 12.418899
8.404027 1.683856 12.418899
8.151718 2.648118 12.418899
7.789171 3.576569 12.418899
7.321289 4.456654 12.418899
6.754400 5.276469 12.418899
6.096168 6.024929 12.418899
5.355496 6.691913 12.418899
4.542401 7.268400 12.418899
3.667877 7.746594 12.418899
2.743751 8.120029 12.418899
1.782521 8.383654 12.418899
0.797186 8.533905 12.418899
-0.198930 8.568749 12.418899
-1.192356 8.487716 12.418899
-2.169658 8.291901 12.418899
-3.117618 7.983952 12.418899
-4.023419 7.568034 12.418899
-4.874809 7.049772 12.418899
-5.660276 6.436173 12.418899
-6.369197 5.735536 12.418899
-6.991986 4.957336 12.418899
-7.520220 4.112096 12.418899
-7.946756 3.211247 12.418899
-8.265826 2.266972 12.418899
-8.473115 1.292039 12.418899
-8.565819 0.299635 12.418899
-8.542686 -0.696822 12.418899
-8.404027 -1.683856 12.418899
-8.151718 -2.648118 12.418899
-7.789171 -3.576569 12.418899
-7.321289 -4.456654 12.418899
-6.754400 -5.276469 12.418899
-6.096168 -6.024929 12.418899
-5.355496 -6.691913 12.418899
-4.542401 -7.268400 12.418899
-3.667877 -7.746594 12.418899
-2.743751 -8.120029 12.418899
-1.782521 -8.383654 12.418899
-0.797186 -8.533905 12.418899
0.198930 -8.568749 12.418899
1.192356 -8.487716 12.418899
2.169658 -8.291901 12.418899
3.117618 -7.983952 12.418899
4.023419 -7.568034 12.418899
4.874809 -7.049772 12.418899
5.660276 -6.436173 12.418899
6.369197 -5.735536 12.418899
6.991986 -4.957336 12.418899
7.520220 -4.112096 12.418899
7.946756 -3.211247 12.418899
9.019723 -2.560013 11.822987
9.240737 -1.586773 11.822987
9.357050 -0.595553 11.822987
9.367344 0.402414 11.822987
9.271502 1.395822 11.822987
9.070610 2.373415 11.822987
8.766945 3.324116 11.822987
8.363947 4.237153 11.822987
7.866181 5.102182 11.822987
7.279289 5.909401 11.822987
6.609920 6.649664 11.822987
5.865657 7.314584 11.822987
5.054935 7.896626 11.822987
4.186938 8.389197 11.822987
3.271501 8.786715 11.822987
2.318996 9.084675 11.822987
1.340217 9.279703 11.822987
0.346252 9.369588 11.822987
-0.651635 9.353312 11.822987
-1.642140 9.231059 11.822987
-2.614038 9.004214 11.822987
-3.556318 8.675348 11.822987
-4.458304 8.248187 11.822987
-5.309776 7.727571 11.822987
-6.101085 7.119398 11.822987
-6.823267 6.430560 11.822987
-7.468138 5.668861 11.822987
-8.028393 4.842931 11.822987
-8.497682 3.962129 11.822987
-8.870690 3.036434 11.822987
-9.143189 2.076336 11.822987
-9.312092 1.092712 11.822987
-9.375485 0.096706 11.822987
-9.332650 -0.900394 11.822987
-9.184073 -1.887293 11.822987
-8.931436 -2.852809 11.822987
-8.577603 -3.786000 11.822987
-8.126582 -4.676295 11.822987
-7.583484 -5.513606 11.822987
-6.954461 -6.288445 11.822987
-6.246642 -6.992034 11.822987
-5.468046 -7.616400 11.822987
-4.627495 -8.154469 11.822987
-3.734512 -8.600145 11.822987
-2.799216 -8.948378 11.822987
-1.832204 -9.195222 11.822987
-0.844432 -9.337880 11.822987
0.152908 -9.374737 11.822987
1.148515 -9.305374 11.822987
2.131109 -9.130577 11.822987
3.089557 -8.852328 11.822987
4.012999 -8.473778 11.822987
4.890972 -7.999217 11.822987
5.713528 -7.434021 11.822987
6.471348 -6.784595 11.822987
7.155845 -6.058297 11.822987
7.759263 -5.263356 11.822987
8.274765 -4.408779 11.822987
8.696512 -3.504248 11.822987
9.734995 -2.858060 11.169309
9.965391 -1.905155 11.169309
10.102743 -0.934462 11.169309
10.145768 0.044956 11.169309
10.094065 1.023954 11.169309
9.948117 1.993391 11.169309
9.709285 2.944217 11.169309
9.379801 3.867554 11.169309
8.962740 4.754780 11.169309
8.461996 5.597612 11.169309
7.882245 6.388181 11.169309
7.228899 7.119105 11.169309
6.508059 7.783560 11.169309
5.726455 8.375342 11.169309
4.891385 8.888925 11.169309
4.010645 9.319515 11.169309
3.092459 9.663091 11.169309
2.145400 9.916446 11.169309
1.178309 10.077213 11.169309
0.200217 10.143892 11.169309
-0.779744 10.115861 11.169309
-1.752426 9.993380 11.169309
-2.708745 9.777594 11.169309
-3.639773 9.470517 11.169309
-4.536818 9.075016 11.169309
-5.391504 8.594784 11.169309
-6.195851 8.034306 11.169309
-6.942349 7.398813 11.169309
-7.624028 6.694239 11.169309
-8.234523 5.927163 11.169309
-8.768135 5.104747 11.169309
-9.219882 4.234669 11.169309
-9.585544 3.325053 11.169309
-9.861709 2.384392 11.169309
-10.045798 1.421468 11.169309
-10.136092 0.445273 11.169309
-10.131749 -0.535080 11.169309
-10.032807 -1.510436 11.169309
-9.840192 -2.471691 11.169309
-9.555702 -3.409868 11.169309
-9.181993 -4.316207 11.169309
-8.722554 -5.182248 11.169309
-8.181675 -5.999903 11.169309
-7.564406 -6.761539 11.169309
-6.876509 -7.460044 11.169309
-6.124409 -8.088897 11.169309
-5.315127 -8.642225 11.169309
-4.456219 -9.114864 11.169309
-3.555705 -9.502400 11.169309
-2.621991 -9.801214 11.169309
-1.663797 -10.008517 11.169309
-0.690069 -10.122373 11.169309
0.290102 -10.141720 11.169309
1.267565 -10.066376 11.169309
2.233193 -9.897044 11.169309
3.177970 -9.635307 11.169309
4.093076 -9.283608 11.169309
4.969965 -8.845230 11.169309
5.800451 -8.324266 11.169309
6.576780 -7.725581 11.169309
7.291704 -7.054764 11.169309
7.938546 -6.318079 11.169309
8.511269 -5.522404 11.169309
9.004524 -4.675167 11.169309
9.413706 -3.784280 11.169309
10.417241 -3.098612 10.467655
10.658706 -2.124212 10.467655
10.809236 -1.131689 10.467655
10.867545 -0.129511 10.467655
10.833135 0.873772 10.467655
10.706302 1.869600 10.467655
10.488126 2.849477 10.467655
10.180468 3.805044 10.467655
9.785955 4.728148 10.467655
9.307952 5.610912 10.467655
8.750536 6.445807 10.467655
8.118464 7.225707 10.467655
7.417128 7.943961 10.467655
6.652511 8.594440 10.467655
5.831138 9.171594 10.467655
4.960015 9.670499 10.467655
4.046576 10.086899 10.467655
3.098612 10.417241 10.467655
2.124212 10.658706 10.467655
1.131689 10.809236 10.467655
0.129511 10.867545 10.467655
-0.873772 10.833135 10.467655
-1.869600 10.706302 10.467655
-2.849477 10.488126 10.467655
-3.805044 10.180468 10.467655
-4.728148 9.785955 10.467655
-5.610912 9.307952 10.467655
-6.445807 8.750536 10.467655
-7.225707 8.118464 10.467655
-7.943961 7.417128 10.467655
-8.594440 6.652511 10.467655
-9.171594 5.831138 10.467655
-9.670499 4.960015 10.467655
-10.086899 4.046576 10.467655
-10.417241 3.098612 10.467655
-10.658706 2.124212 10.467655
-10.809236 1.131689 10.467655
-10.867545 0.129511 10.467655
-10.833135 -0.873772 10.467655
-10.706302 -1.869600 10.467655
-10.488126 -2.849477 10.467655
-10.180468 -3.805044 10.467655
-9.785955 -4.728148 10.467655
-9.307952 -5.610912 10.467655
-8.750536 -6.445807 10.467655
-8.118464 -7.225707 10.467655
-7.417128 -7.943961 10.467655
-6.652511 -8.594440 10.467655
-5.831138 -9.171594 10.467655
-4.960015 -9.670499 10.467655
-4.046576 -10.086899 10.467655
-3.098612 -10.417241 10.467655
-2.124212 -10.658706 10.467655
-1.131689 -10.809236 10.467655
-0.129511 -10.867545 10.467655
0.873772 -10.833135 10.467655
1.869600 -10.706302 10.467655
2.849477 -10.488126 10.467655
3.805044 -10.180468 10.467655
4.728148 -9.785955 10.467655
5.610912 -9.307952 10.467655
6.445807 -8.750536 10.467655
7.225707 -8.118464 10.467655
7.943961 -7.417128 10.467655
8.594440 -6.652511 10.467655
9.171594 -5.831138 10.467655
9.670499 -4.960015 10.467655
10.086899 -4.046576 10.467655
11.040465 -3.352556 9.724228
11.287797 -2.391054 9.724228
11.451558 -1.411850 9.724228
11.530535 -0.422193 9.724228
11.524145 0.570590 9.724228
11.432434 1.559149 9.724228
11.256081 2.536164 9.724228
10.996392 3.494403 9.724228
10.655290 4.426770 9.724228
10.235300 5.326362 9.724228
9.739531 6.186520 9.724228
9.171654 7.000876 9.724228
8.535873 7.763399 9.724228
7.836896 8.468445 9.724228
7.079897 9.110793 9.724228
6.270480 9.685689 9.724228
5.414640 10.188875 9.724228
4.518711 10.616626 9.724228
3.589328 10.965775 9.724228
2.633370 11.233737 9.724228
1.657916 11.418529 9.724228
0.670187 11.518782 9.724228
-0.322504 11.533754 9.724228
-1.312807 11.463334 9.724228
-2.293390 11.308044 9.724228
-3.256994 11.069033 9.724228
-4.196484 10.748070 9.724228
-5.104906 10.347533 9.724228
-5.975532 9.870386 9.724228
-6.801917 9.320162 9.724228
-7.577943 8.700935 9.724228
-8.297865 8.017289 9.724228
-8.956353 7.274286 9.724228
-9.548530 6.477427 9.724228
-10.070014 5.632611 9.724228
-10.516943 4.746094 9.724228
-10.886008 3.824438 9.724228
-11.174477 2.874467 9.724228
-11.380214 1.903214 9.724228
-11.501696 0.917871 9.724228
-11.538023 -0.074268 9.724228
-11.488927 -1.065857 9.724228
-11.354771 -2.049554 9.724228
-11.136548 -3.018078 9.724228
-10.835874 -3.964256 9.724228
-10.454975 -4.881085 9.724228
-9.996671 -5.761776 9.724228
-9.464355 -6.599809 9.724228
-8.861968 -7.388979 9.724228
-8.193971 -8.123443 9.724228
-7.465308 -8.797765 9.724228
-6.681375 -9.406951 9.724228
-5.847975 -9.946491 9.724228
-4.971278 -10.412391 9.724228
-4.057777 -10.801201 9.724228
-3.114232 -11.110043 9.724228
-2.147631 -11.336630 9.724228
-1.165130 -11.479284 9.724228
-0.174003 -11.536950 9.724228
0.818413 -11.509200 9.724228
1.804769 -11.396241 9.724228
2.777764 -11.198907 9.724228
3.730193 -10.918661 9.724228
4.655005 -10.557576 9.724228
5.545353 -10.118328 9.724228
6.394645 -9.604166 9.724228
7.196593 -9.018899 9.724228
7.945261 -8.366859 9.724228
8.635104 -7.652873 9.724228
9.261016 -6.882229 9.724228
9.818363 -6.060631 9.724228
10.303018 -5.194162 9.724228
10.711393 -4.289237 9.724228
11.622414 -3.578994 8.933219
11.875462 -2.619751 8.933219
12.049482 -1.643073 8.933219
12.143314 -0.655461 8.933219
12.156334 0.336512 8.933219
12.088456 1.326247 8.933219
11.940131 2.307155 8.933219
11.712347 3.272710 8.933219
11.406619 4.216485 8.933219
11.024981 5.132200 8.933219
10.569975 6.013762 8.933219
10.044626 6.855303 8.933219
9.452433 7.651222 8.933219
8.797335 8.396225 8.933219
8.083693 9.085351 8.933219
7.316254 9.714017 8.933219
6.500127 10.278037 8.933219
5.640743 10.773658 8.933219
4.743821 11.197583 8.933219
3.815330 11.546989 8.933219
2.861448 11.819552 8.933219
1.888523 12.013458 8.933219
0.903031 12.127416 8.933219
-0.088471 12.160669 8.933219
-1.079384 12.112994 8.933219
-2.063114 11.984709 8.933219
-3.033114 11.776668 8.933219
-3.982929 11.490255 8.933219
-4.906239 11.127377 8.933219
-5.796898 10.690447 8.933219
-6.648980 10.182375 8.933219
-7.456815 9.606540 8.933219
-8.215025 8.966775 8.933219
-8.918565 8.267338 8.933219
-9.562755 7.512884 8.933219
-10.143305 6.708432 8.933219
-10.656353 5.859337 8.933219
-11.098486 4.971248 8.933219
-11.466759 4.050077 8.933219
-11.758723 3.101954 8.933219
-11.972435 2.133187 8.933219
-12.106473 1.150224 8.933219
-12.159943 0.159607 8.933219
-12.132492 -0.832072 8.933219
-12.024300 -1.818214 8.933219
-11.836089 -2.792256 8.933219
-11.569110 -3.747716 8.933219
-11.225142 -4.678236 8.933219
-10.806471 -5.577623 8.933219
-10.315885 -6.439891 8.933219
-9.756649 -7.259304 8.933219
-9.132484 -8.030406 8.933219
-8.447544 -8.748068 8.933219
-7.706387 -9.407513 8.933219
-6.913945 -10.004352 8.933219
-6.075491 -10.534614 8.933219
-5.196607 -10.994770 8.933219
-4.283140 -11.381758 8.933219
-3.341169 -11.693001 8.933219
-2.376963 -11.926430 8.933219
-1.396940 -12.080491 8.933219
-0.407619 -12.154157 8.933219
0.584414 -12.146940 8.933219
1.572558 -12.058887 8.933219
2.550236 -11.890584 8.933219
3.510944 -11.643151 8.933219
4.448286 -11.318235 8.933219
5.356026 -10.917998 8.933219
6.228123 -10.445103 8.933219
7.058772 -9.902698 8.933219
7.842446 -9.294393 8.933219
8.573930 -8.624234 8.933219
9.248356 -7.896683 8.933219
9.861236 -7.116580 8.933219
10.408491 -6.289118 8.933219
10.886479 -5.419803 8.933219
11.292020 -4.514420 8.933219
12.153997 -3.789658 8.100059
12.411119 -2.836420 8.100059
12.593599 -1.866123 8.100059
12.700340 -0.884603 8.100059
12.730699 0.102237 8.100059
12.684495 1.088463 8.100059
12.562004 2.068142 8.100059
12.363964 3.035383 8.100059
12.091566 3.984369 8.100059
11.746447 4.909392 8.100059
11.330684 5.804890 8.100059
10.846777 6.665476 8.100059
10.297637 7.485976 8.100059
9.686565 8.261454 8.100059
9.017236 8.987247 8.100059
8.293678 9.658989 8.100059
7.520239 10.272641 8.100059
6.701574 10.824512 8.100059
5.842604 11.311283 8.100059
4.948496 11.730027 8.100059
4.024628 12.078225 8.100059
3.076555 12.353783 8.100059
2.109979 12.555045 8.100059
1.130713 12.680798 8.100059
0.144647 12.730288 8.100059
-0.842289 12.703216 8.100059
-1.824159 12.599746 8.100059
-2.795058 12.420499 8.100059
-3.749148 12.166554 8.100059
-4.680690 11.839438 8.100059
-5.584081 11.441118 8.100059
-6.453890 10.973990 8.100059
-7.284884 10.440863 8.100059
-8.072065 9.844944 8.100059
-8.810701 9.189816 8.100059
-9.496347 8.479419 8.100059
-10.124882 7.718026 8.100059
-10.692524 6.910215 8.100059
-11.195861 6.060846 8.100059
-11.631864 5.175027 8.100059
-11.997911 4.258084 8.100059
-12.291802 3.315532 8.100059
-12.511769 2.353041 8.100059
-12.656488 1.376398 8.100059
-12.725089 0.391477 8.100059
-12.717161 -0.595798 8.100059
-12.632750 -1.579490 8.100059
-12.472364 -2.553683 8.100059
-12.236968 -3.512517 8.100059
-11.927977 -4.450227 8.100059
-11.547250 -5.361173 8.100059
-11.097076 -6.239876 8.100059
-10.580164 -7.081052 8.100059
-9.999621 -7.879641 8.100059
-9.358939 -8.630841 8.100059
-8.661971 -9.330135 8.100059
-7.912909 -9.973315 8.100059
-7.116258 -10.556516 8.100059
-6.276809 -11.076228 8.100059
-5.399611 -11.529326 8.100059
-4.489939 -11.913085 8.100059
-3.553263 -12.225198 8.100059
-2.595218 -12.463787 8.100059
-1.621565 -12.627418 8.100059
-0.638160 -12.715105 8.100059
0.349083 -12.726323 8.100059
1.334227 -12.661003 8.100059
2.311347 -12.519538 8.100059
3.274566 -12.302779 8.100059
4.218091 -12.012030 8.100059
5.136248 -11.649039 8.100059
6.023516 -11.215989 8.100059
6.874557 -10.715485 8.100059
7.684253 -10.150537 8.100059
8.447736 -9.524543 8.100059
9.160413 -8.841266 8.100059
9.817998 -8.104817 8.100059
10.416537 -7.319625 8.100059
10.952429 -6.490412 8.100059
11.422452 -5.622165 8.100059
11.823780 -4.720105 8.100059
12.636011 -3.959397 7.235089
12.899266 -2.992411 7.235089
13.088636 -2.008286 7.235089
13.203035 -1.012657 7.235089
13.241808 -0.011228 7.235089
13.204733 0.990265 7.235089
13.092023 1.986087 7.235089
12.904322 2.970532 7.235089
12.642707 3.937962 7.235089
12.308676 4.882836 7.235089
11.904142 5.799742 7.235089
11.431422 6.683427 7.235089
10.893223 7.528830 7.235089
10.292630 8.331108 7.235089
9.633081 9.085667 7.235089
8.918355 9.788184 7.235089
8.152545 10.434635 7.235089
7.340038 11.021318 7.235089
6.485488 11.544871 7.235089
5.593790 12.002296 7.235089
4.670051 12.390973 7.235089
3.719562 12.708676 7.235089
2.747768 12.953585 7.235089
1.760235 13.124297 7.235089
0.762620 13.219834 7.235089
-0.239364 13.239649 7.235089
-1.239976 13.183628 7.235089
-2.233486 13.052093 7.235089
-3.214203 12.845797 7.235089
-4.176509 12.565921 7.235089
-5.114893 12.214068 7.235089
-6.023979 11.792255 7.235089
-6.898560 11.302897 7.235089
-7.733626 10.748796 7.235089
-8.524396 10.133128 7.235089
-9.266338 9.459417 7.235089
-9.955203 8.731525 7.235089
-10.587046 7.953618 7.235089
-11.158248 7.130155 7.235089
-11.665536 6.265850 7.235089
-12.106004 5.365655 7.235089
-12.477131 4.434726 7.235089
-12.776790 3.478395 7.235089
-13.003264 2.502141 7.235089
-13.155257 1.511554 7.235089
-13.231898 0.512309 7.235089
-13.232748 -0.489870 7.235089
-13.157802 -1.489243 7.235089
-13.007489 -2.480086 7.235089
-12.782670 -3.456723 7.235089
-12.484634 -4.413560 7.235089
-12.115086 -5.345117 7.235089
-11.676145 -6.246058 7.235089
-11.170323 -7.111222 7.235089
-10.600519 -7.935653 7.235089
-9.969996 -8.714630 7.235089
-9.282366 -9.443690 7.235089
-8.541567 -10.118657 7.235089
-7.751843 -10.735666 7.235089
-6.917718 -11.291181 7.235089
-6.043968 -11.782022 7.235089
-5.135598 -12.205377 7.235089
-4.197813 -12.558820 7.235089
-3.235983 -12.840328 7.235089
-2.255617 -13.048287 7.235089
-1.262332 -13.181507 7.235089
-0.261816 -13.239224 7.235089
0.740200 -13.221108 7.235089
1.737976 -13.127263 7.235089
2.725797 -12.958226 7.235089
3.698005 -12.714966 7.235089
4.649031 -12.398875 7.235089
5.573428 -12.011765 7.235089
6.465900 -11.555853 7.235089
7.321337 -11.033749 7.235089
8.134838 -10.448446 7.235089
8.901743 -9.803294 7.235089
9.617659 -9.101990 7.235089
10.278487 -8.348551 7.235089
10.880440 -7.547292 7.235089
11.420071 -6.702803 7.235089
11.894289 -5.819921 7.235089
12.300378 -4.903703 7.235089
13.054537 -4.134241 6.338708
13.318825 -3.181478 6.338708
13.513674 -2.212128 6.338708
13.638069 -1.231245 6.338708
13.691362 -0.243943 6.338708
13.673274 0.744631 6.338708
13.583900 1.729323 6.338708
13.423706 2.704999 6.338708
13.193527 3.666572 6.338708
12.894562 4.609029 6.338708
12.528372 5.527457 6.338708
12.096865 6.417067 6.338708
11.602290 7.273222 6.338708
11.047226 8.091458 6.338708
10.434567 8.867508 6.338708
9.767507 9.597328 6.338708
9.049524 10.277111 6.338708
8.284360 10.903314 6.338708
7.476006 11.472673 6.338708
6.628676 11.982218 6.338708
5.746786 12.429294 6.338708
4.834936 12.811568 6.338708
3.897878 13.127050 6.338708
2.940499 13.374093 6.338708
1.967789 13.551409 6.338708
0.984820 13.658075 6.338708
-0.003283 13.693534 6.338708
-0.991369 13.657601 6.338708
-1.974287 13.550464 6.338708
-2.946911 13.372681 6.338708
-3.904172 13.125179 6.338708
-4.841078 12.809249 6.338708
-5.752745 12.426537 6.338708
-6.634420 11.979038 6.338708
-7.481506 11.469087 6.338708
-8.289587 10.899341 6.338708
-9.054450 10.272771 6.338708
-9.772107 9.592643 6.338708
-10.438817 8.862504 6.338708
-11.051104 8.086160 6.338708
-11.605776 7.267658 6.338708
-12.099940 6.411267 6.338708
-12.531021 5.521449 6.338708
-12.896771 4.602846 6.338708
-13.195283 3.660245 6.338708
-13.425001 2.698562 6.338708
-13.584727 1.722809 6.338708
-13.673629 0.738075 6.338708
-13.691243 -0.250507 6.338708
-13.637477 -1.237784 6.338708
-13.512612 -2.218607 6.338708
-13.317298 -3.187863 6.338708
-13.052554 -4.140500 6.338708
-12.719759 -5.071549 6.338708
-12.320650 -5.976158 6.338708
-11.857307 -6.849610 6.338708
-11.332145 -7.687351 6.338708
-10.747903 -8.485015 6.338708
-10.107626 -9.238441 6.338708
-9.414653 -9.943702 6.338708
-8.672596 -10.597121 6.338708
-7.885324 -11.195292 6.338708
-7.056941 -11.735096 6.338708
-6.191767 -12.213718 6.338708
-5.294312 -12.628664 6.338708
-4.369255 -12.977769 6.338708
-3.421419 -13.259215 6.338708
-2.455745 -13.471533 6.338708
-1.477268 -13.613617 6.338708
-0.491089 -13.684726 6.338708
0.497650 -13.684489 6.338708
1.483795 -13.612907 6.338708
2.462204 -13.470354 6.338708
3.427776 -13.257573 6.338708
4.375477 -12.975673 6.338708
5.300367 -12.626124 6.338708
6.197623 -12.210748 6.338708
7.062567 -11.731711 6.338708
7.890691 -11.191510 6.338708
8.677676 -10.592961 6.338708
9.419419 -9.939186 6.338708
10.112055 -9.233593 6.338708
10.751970 -8.479860 6.338708
11.335830 -7.681917 6.338708
11.860590 -6.843924 6.338708
12.323514 -5.970250 6.338708
12.722190 -5.065450 6.338708
13.423594 -4.269102 5.410544
13.691295 -3.311582 5.410544
13.890785 -2.337563 5.410544
14.021073 -1.351898 5.410544
14.081508 -0.359499 5.410544
14.071790 0.634691 5.410544
13.991967 1.625720 5.410544
13.842437 2.608649 5.410544
13.623945 3.578582 5.410544
13.337578 4.530687 5.410544
12.984765 5.460220 5.410544
12.567262 6.362550 5.410544
12.087149 7.233183 5.410544
11.546819 8.067780 5.410544
10.948964 8.862184 5.410544
10.296561 9.612437 5.410544
9.592861 10.314802 5.410544
8.841370 10.965778 5.410544
8.045832 11.562124 5.410544
7.210210 12.100867 5.410544
6.338667 12.579325 5.410544
5.435545 12.995113 5.410544
4.505343 13.346161 5.410544
3.552696 13.630718 5.410544
2.582350 13.847368 5.410544
1.599139 13.995030 5.410544
0.607960 14.072971 5.410544
-0.386247 14.080800 5.410544
-1.378530 14.018480 5.410544
-2.363945 13.886320 5.410544
-3.337583 13.684979 5.410544
-4.294593 13.415461 5.410544
-5.230208 13.079107 5.410544
-6.139766 12.677594 5.410544
-7.018737 12.212922 5.410544
-7.862740 11.687405 5.410544
-8.667571 11.103663 5.410544
-9.429222 10.464602 5.410544
-10.143896 9.773408 5.410544
-10.808034 9.033523 5.410544
-11.418326 8.248633 5.410544
-11.971733 7.422649 5.410544
-12.465498 6.559686 5.410544
-12.897160 5.664042 5.410544
-13.264569 4.740181 5.410544
-13.565895 3.792704 5.410544
-13.799636 2.826333 5.410544
-13.964628 1.845881 5.410544
-14.060049 0.856232 5.410544
-14.085424 -0.137682 5.410544
-14.040625 -1.130910 5.410544
-13.925877 -2.118504 5.410544
-13.741751 -3.095544 5.410544
-13.489164 -4.057162 5.410544
-13.169375 -4.998567 5.410544
-12.783977 -5.915070 5.410544
-12.334890 -6.802104 5.410544
-11.824350 -7.655250 5.410544
-11.254903 -8.470259 5.410544
-10.629384 -9.243069 5.410544
-9.950910 -9.969830 5.410544
-9.222861 -10.646922 5.410544
-8.448864 -11.270972 5.410544
-7.632776 -11.838870 5.410544
-6.778661 -12.347788 5.410544
-5.890775 -12.795190 5.410544
-4.973542 -13.178847 5.410544
-4.031531 -13.496847 5.410544
-3.069435 -13.747607 5.410544
-2.092048 -13.929876 5.410544
-1.104237 -14.042748 5.410544
-0.110926 -14.085660 5.410544
0.882938 -14.058397 5.410544
1.872404 -13.961097 5.410544
2.852541 -13.794243 5.410544
3.818467 -13.558666 5.410544
4.765369 -13.255541 5.410544
5.688531 -12.886378 5.410544
6.583353 -12.453015 5.410544
7.445376 -11.957612 5.410544
8.270308 -11.402637 5.410544
9.054037 -10.790854 5.410544
9.792659 -10.125312 5.410544
10.482495 -9.409327 5.410544
11.120107 -8.646464 5.410544
11.702320 -7.840525 5.410544
12.226232 -6.995525 5.410544
12.689234 -6.115674 5.410544
13.089018 -5.205354 5.410544
13.731819 -4.384729 4.461322
14.001608 -3.426908 4.461322
14.204672 -2.452755 4.461322
14.340045 -1.466915 4.461322
14.407080 -0.474083 4.461322
14.405460 0.521007 4.461322
14.335190 1.513615 4.461322
14.196608 2.499010 4.461322
13.990371 3.472495 4.461322
13.717465 4.429433 4.461322
13.379188 5.365263 4.461322
12.977153 6.275524 4.461322
12.513277 7.155880 4.461322
11.989769 8.002135 4.461322
11.409124 8.810256 4.461322
10.774110 9.576392 4.461322
10.087752 10.296892 4.461322
9.353321 10.968323 4.461322
8.574317 11.587485 4.461322
7.754453 12.151427 4.461322
6.897636 12.657462 4.461322
6.007948 13.103178 4.461322
5.089629 13.486452 4.461322
4.147056 13.805457 4.461322
3.184721 14.058672 4.461322
2.207208 14.244892 4.461322
1.219178 14.363228 4.461322
0.225337 14.413117 4.461322
-0.769577 14.394321 4.461322
-1.760824 14.306929 4.461322
-2.743680 14.151358 4.461322
-3.713461 13.928350 4.461322
-4.665545 13.638966 4.461322
-5.595397 13.284587 4.461322
-6.498583 12.866901 4.461322
-7.370801 12.387898 4.461322
-8.207894 11.849861 4.461322
-9.005872 11.255354 4.461322
-9.760933 10.607210 4.461322
-10.469479 9.908518 4.461322
-11.128133 9.162607 4.461322
-11.733757 8.373032 4.461322
-12.283463 7.543557 4.461322
-12.774634 6.678132 4.461322
-13.204927 5.780883 4.461322
-13.572293 4.856086 4.461322
-13.874981 3.908147 4.461322
-14.111548 2.941584 4.461322
-14.280868 1.961003 4.461322
-14.382132 0.971078 4.461322
-14.414859 -0.023476 4.461322
-14.378893 -1.017918 4.461322
-14.274405 -2.007509 4.461322
-14.101892 -2.987533 4.461322
-13.862178 -3.953320 4.461322
-13.556404 -4.900268 4.461322
-13.186028 -5.823864 4.461322
-12.752814 -6.719706 4.461322
-12.258827 -7.583526 4.461322
-11.706422 -8.411207 4.461322
-11.098230 -9.198805 4.461322
-10.437150 -9.942566 4.461322
-9.726332 -10.638947 4.461322
-8.969163 -11.284628 4.461322
-8.169253 -11.876532 4.461322
-7.330412 -12.411840 4.461322
-6.456639 -12.887999 4.461322
-5.552097 -13.302742 4.461322
-4.621096 -13.654090 4.461322
-3.668074 -13.940371 4.461322
-2.697572 -14.160220 4.461322
-1.714214 -14.312588 4.461322
-0.722688 -14.396751 4.461322
0.272282 -14.412306 4.461322
1.265955 -14.359181 4.461322
2.253595 -14.237627 4.461322
3.230495 -14.048225 4.461322
4.192001 -13.791876 4.461322
5.133530 -13.469803 4.461322
6.050595 -13.083540 4.461322
6.938827 -12.634928 4.461322
7.793991 -12.126105 4.461322
8.612014 -11.559495 4.461322
9.388997 -10.937799 4.461322
10.121237 -10.263980 4.461322
10.805244 -9.541248 4.461322
11.437760 -8.773047 4.461322
12.015770 -7.963039 4.461322
12.536518 -7.115084 4.461322
12.997525 -6.233222 4.461322
13.396593 -5.321656 4.461322
13.979476 -4.480971 3.491024
14.250093 -3.526997 3.491024
14.455690 -2.556930 3.491024
14.595328 -1.575197 3.491024
14.668372 -0.586276 3.491024
14.674487 0.405319 3.491024
14.613646 1.395065 3.491024
14.486126 2.378446 3.491024
14.292509 3.350975 3.491024
14.033679 4.308214 3.491024
13.710817 5.245795 3.491024
13.325395 6.159441 3.491024
12.879172 7.044983 3.491024
12.374185 7.898380 3.491024
11.812737 8.715739 3.491024
11.197390 9.493330 3.491024
10.530952 10.227605 3.491024
9.816464 10.915214 3.491024
9.057185 11.553019 3.491024
8.256581 12.138110 3.491024
7.418304 12.667818 3.491024
6.546179 13.139726 3.491024
5.644185 13.551680 3.491024
4.716438 13.901801 3.491024
3.767170 14.188491 3.491024
2.800715 14.410442 3.491024
1.821480 14.566642 3.491024
0.833934 14.656378 3.491024
-0.157417 14.679240 3.491024
-1.148049 14.635123 3.491024
-2.133444 14.524231 3.491024
-3.109104 14.347067 3.491024
-4.070578 14.104441 3.491024
-5.013478 13.797460 3.491024
-5.933504 13.427524 3.491024
-6.826456 12.996321 3.491024
-7.688260 12.505819 3.491024
-8.514985 11.958256 3.491024
-9.302858 11.356130 3.491024
-10.048284 10.702189 3.491024
-10.747862 9.999416 3.491024
-11.398400 9.251018 3.491024
-11.996930 8.460410 3.491024
-12.540720 7.631199 3.491024
-13.027290 6.767168 3.491024
-13.454420 5.872260 3.491024
-13.820160 4.950559 3.491024
-14.122842 4.006269 3.491024
-14.361084 3.043700 3.491024
-14.533801 2.067243 3.491024
-14.640203 1.081354 3.491024
-14.679804 0.090530 3.491024
-14.652426 -0.900706 3.491024
-14.558192 -1.887833 3.491024
-14.397532 -2.866346 3.491024
-14.171179 -3.831780 3.491024
-13.880167 -4.779731 3.491024
-13.525822 -5.705873 3.491024
-13.109762 -6.605981 3.491024
-12.633886 -7.475947 3.491024
-12.100364 -8.311802 3.491024
-11.511631 -9.109732 3.491024
-10.870373 -9.866096 3.491024
-10.179515 -10.577444 3.491024
-9.442211 -11.240529 3.491024
-8.661825 -11.852327 3.491024
-7.841916 -12.410045 3.491024
-6.986227 -12.911138 3.491024
-6.098661 -13.353321 3.491024
-5.183268 -13.734576 3.491024
-4.244225 -14.053164 3.491024
-3.285817 -14.307629 3.491024
-2.312417 -14.496813 3.491024
-1.328465 -14.619851 3.491024
-0.338452 -14.676182 3.491024
0.653106 -14.665548 3.491024
1.641683 -14.588000 3.491024
2.622770 -14.443889 3.491024
3.591890 -14.233874 3.491024
4.544621 -13.958914 3.491024
5.476615 -13.620262 3.491024
6.383622 -13.219464 3.491024
7.261501 -12.758349 3.491024
8.106247 -12.239020 3.491024
8.914007 -11.663847 3.491024
9.681094 -11.035455 3.491024
10.404009 -10.356711 3.491024
11.079452 -9.630711 3.491024
11.704342 -8.860769 3.491024
12.275828 -8.050397 3.491024
12.791303 -7.203293 3.491024
13.248413 -6.323322 3.491024
13.645075 -5.414499 3.491024
14.168323 -4.547119 2.504881
14.440398 -3.590625 2.504881
14.647978 -2.618095 2.504881
14.790137 -1.633871 2.504881
14.866239 -0.642350 2.504881
14.875945 0.352040 2.504881
14.819212 1.344857 2.504881
14.696292 2.331668 2.504881
14.507735 3.308065 2.504881
14.254383 4.269688 2.504881
13.937368 5.212241 2.504881
13.558105 6.131515 2.504881
13.118288 7.023404 2.504881
12.619882 7.883925 2.504881
12.065112 8.709234 2.504881
11.456456 9.495646 2.504881
10.796633 10.239648 2.504881
10.088590 10.937917 2.504881
9.335489 11.587335 2.504881
8.540693 12.185001 2.504881
7.707752 12.728245 2.504881
6.840387 13.214643 2.504881
5.942471 13.642020 2.504881
5.018014 14.008469 2.504881
4.071145 14.312353 2.504881
3.106094 14.552314 2.504881
2.127171 14.727282 2.504881
1.138747 14.836473 2.504881
0.145236 14.879401 2.504881
-0.848922 14.855874 2.504881
-1.839290 14.765998 2.504881
-2.821442 14.610173 2.504881
-3.790993 14.389095 2.504881
-4.743613 14.103752 2.504881
-5.675047 13.755418 2.504881
-6.581134 13.345649 2.504881
-7.457829 12.876275 2.504881
-8.301215 12.349393 2.504881
-9.107526 11.767355 2.504881
-9.873160 11.132762 2.504881
-10.594699 10.448446 2.504881
-11.268919 9.717466 2.504881
-11.892809 8.943085 2.504881
-12.463583 8.128762 2.504881
-12.978692 7.278134 2.504881
-13.435835 6.395000 2.504881
-13.832970 5.483304 2.504881
-14.168323 4.547119 2.504881
-14.440398 3.590625 2.504881
-14.647978 2.618095 2.504881
-14.790137 1.633871 2.504881
-14.866239 0.642350 2.504881
-14.875945 -0.352040 2.504881
-14.819212 -1.344857 2.504881
-14.696292 -2.331668 2.504881
-14.507735 -3.308065 2.504881
-14.254383 -4.269688 2.504881
-13.937368 -5.212241 2.504881
-13.558105 -6.131515 2.504881
-13.118288 -7.023404 2.504881
-12.619882 -7.883925 2.504881
-12.065112 -8.709234 2.504881
-11.456456 -9.495646 2.504881
-10.796633 -10.239648 2.504881
-10.088590 -10.937917 2.504881
-9.335489 -11.587335 2.504881
-8.540693 -12.185001 2.504881
-7.707752 -12.728245 2.504881
-6.840387 -13.214643 2.504881
-5.942471 -13.642020 2.504881
-5.018014 -14.008469 2.504881
-4.071145 -14.312353 2.504881
-3.106094 -14.552314 2.504881
-2.127171 -14.727282 2.504881
-1.138747 -14.836473 2.504881
-0.145236 -14.879401 2.504881
0.848922 -14.855874 2.504881
1.839290 -14.765998 2.504881
2.821442 -14.610173 2.504881
3.790993 -14.389095 2.504881
4.743613 -14.103752 2.504881
5.675047 -13.755418 2.504881
6.581134 -13.345649 2.504881
7.457829 -12.876275 2.504881
8.301215 -12.349393 2.504881
9.107526 -11.767355 2.504881
9.873160 -11.132762 2.504881
10.594699 -10.448446 2.504881
11.268919 -9.717466 2.504881
11.892809 -8.943085 2.504881
12.463583 -8.128762 2.504881
12.978692 -7.278134 2.504881
13.435835 -6.395000 2.504881
13.832970 -5.483304 2.504881
14.294106 -4.593034 1.508205
14.566410 -3.638286 1.508205
14.775019 -2.667629 1.508205
14.919020 -1.685307 1.508205
14.997785 -0.695616 1.508205
15.010967 0.297118 1.508205
14.958511 1.288552 1.508205
14.840645 2.274351 1.508205
14.657885 3.250205 1.508205
14.411029 4.211847 1.508205
14.101158 5.155072 1.508205
13.729626 6.075755 1.508205
13.298058 6.969870 1.508205
12.808340 7.833508 1.508205
12.262615 8.662891 1.508205
11.663269 9.454395 1.508205
11.012922 10.204556 1.508205
10.314419 10.910095 1.508205
9.570813 11.567928 1.508205
8.785357 12.175177 1.508205
7.961484 12.729187 1.508205
7.102798 13.227535 1.508205
6.213053 13.668043 1.508205
5.296140 14.048784 1.508205
4.356068 14.368093 1.508205
3.396949 14.624574 1.508205
2.422975 14.817105 1.508205
1.438407 14.944846 1.508205
0.447548 15.007236 1.508205
-0.545267 15.004003 1.508205
-1.535699 14.935162 1.508205
-2.519415 14.801013 1.508205
-3.492114 14.602142 1.508205
-4.449543 14.339421 1.508205
-5.387515 14.013997 1.508205
-6.301929 13.627293 1.508205
-7.188787 13.181000 1.508205
-8.044209 12.677071 1.508205
-8.864457 12.117707 1.508205
-9.645942 11.505356 1.508205
-10.385248 10.842695 1.508205
-11.079142 10.132622 1.508205
-11.724590 9.378242 1.508205
-12.318769 8.582852 1.508205
-12.859081 7.749932 1.508205
-13.343164 6.883124 1.508205
-13.768901 5.986217 1.508205
-14.134429 5.063134 1.508205
-14.438152 4.117912 1.508205
-14.678740 3.154683 1.508205
-14.855141 2.177659 1.508205
-14.966585 1.191113 1.508205
-15.012584 0.199358 1.508205
-14.992937 -0.793268 1.508205
-14.907729 -1.782426 1.508205
-14.757334 -2.763789 1.508205
-14.542408 -3.733067 1.508205
-14.263892 -4.686022 1.508205
-13.923004 -5.618485 1.508205
-13.521234 -6.526381 1.508205
-13.060340 -7.405738 1.508205
-12.542335 -8.252712 1.508205
-11.969486 -9.063598 1.508205
-11.344298 -9.834852 1.508205
-10.669504 -10.563101 1.508205
-9.948055 -11.245160 1.508205
-9.183106 -11.878047 1.508205
-8.378001 -12.458994 1.508205
-7.536261 -12.985461 1.508205
-6.661568 -13.455145 1.508205
-5.757745 -13.865994 1.508205
-4.828744 -14.216211 1.508205
-3.878629 -14.504263 1.508205
-2.911554 -14.728893 1.508205
-1.931747 -14.889116 1.508205
-0.943493 -14.984233 1.508205
0.048886 -15.013828 1.508205
1.041052 -14.977771 1.508205
2.028666 -14.876221 1.508205
3.007408 -14.709620 1.508205
3.973000 -14.478698 1.508205
4.921220 -14.184464 1.508205
5.847920 -13.828205 1.508205
6.749048 -13.411479 1.508205
7.620665 -12.936108 1.508205
8.458958 -12.404171 1.508205
9.260262 -11.817993 1.508205
10.021074 -11.180139 1.508205
10.738066 -10.493396 1.508205
11.408103 -9.760768 1.508205
12.028256 -8.985460 1.508205
12.595812 -8.170860 1.508205
13.108290 -7.320530 1.508205
13.563448 -6.438191 1.508205
13.959297 -5.527698 1.508205
14.502648 -4.136307 0.506248
14.744310 -3.168775 0.506248
14.921500 -2.187386 0.506248
15.033442 -1.196433 0.506248
15.079646 -0.200249 0.506248
15.059911 0.796812 0.506248
14.974322 1.790388 0.506248
14.823255 2.776135 0.506248
14.607370 3.749743 0.506248
14.327610 4.706954 0.506248
13.985199 5.643583 0.506248
13.581634 6.555534 0.506248
13.118681 7.438820 0.506248
12.598362 8.289577 0.506248
12.022955 9.104086 0.506248
11.394974 9.878785 0.506248
10.717165 10.610287 0.506248
9.992494 11.295392 0.506248
9.224127 11.931106 0.506248
8.415426 12.514648 0.506248
7.569926 13.043467 0.506248
6.691325 13.515250 0.506248
5.783465 13.927934 0.506248
4.850315 14.279715 0.506248
3.895955 14.569055 0.506248
2.924560 14.794687 0.506248
1.940376 14.955626 0.506248
0.947708 15.051168 0.506248
-0.049105 15.080895 0.506248
-1.045703 15.044678 0.506248
-2.037728 14.942673 0.506248
-3.020843 14.775328 0.506248
-3.990748 14.543375 0.506248
-4.943203 14.247827 0.506248
-5.874042 13.889976 0.506248
-6.779196 13.471389 0.506248
-7.654706 12.993894 0.506248
-8.496744 12.459581 0.506248
-9.301628 11.870785 0.506248
-10.065839 11.230081 0.506248
-10.786033 10.540270 0.506248
-11.459064 9.804370 0.506248
-12.081987 9.025598 0.506248
-12.652078 8.207359 0.506248
-13.166845 7.353232 0.506248
-13.624037 6.466950 0.506248
-14.021654 5.552390 0.506248
-14.357958 4.613552 0.506248
-14.631479 3.654539 0.506248
-14.841019 2.679546 0.506248
-14.985664 1.692835 0.506248
-15.064780 0.698723 0.506248
-15.078022 -0.298445 0.506248
-15.025331 -1.294308 0.506248
-14.906939 -2.284511 0.506248
-14.723362 -3.264724 0.506248
-14.475404 -4.230662 0.506248
-14.164148 -5.178100 0.506248
-13.790957 -6.102896 0.506248
-13.357460 -7.001005 0.506248
-12.865556 -7.868500 0.506248
-12.317393 -8.701589 0.506248
-11.715369 -9.496628 0.506248
-11.062118 -10.250140 0.506248
-10.360494 -10.958831 0.506248
-9.613566 -11.619602 0.506248
-8.824601 -12.229564 0.506248
-7.997048 -12.786048 0.506248
-7.134526 -13.286623 0.506248
-6.240807 -13.729098 0.506248
-5.319798 -14.111540 0.506248
-4.375527 -14.432276 0.506248
-3.412123 -14.689902 0.506248
-2.433799 -14.883294 0.506248
-1.444832 -15.011605 0.506248
-0.449547 -15.074274 0.506248
0.547703 -15.071026 0.506248
1.542559 -15.001878 0.506248
2.530669 -14.867129 0.506248
3.507713 -14.667371 0.506248
4.469419 -14.403476 0.506248
5.411581 -14.076598 0.506248
6.330080 -13.688167 0.506248
7.220899 -13.239880 0.506248
8.080143 -12.733700 0.506248
8.904055 -12.171838 0.506248
9.689031 -11.556751 0.506248
10.431639 -10.891130 0.506248
11.128633 -10.177885 0.506248
11.776964 -9.420134 0.506248
12.373798 -8.621192 0.506248
12.916523 -7.784551 0.506248
13.402769 -6.913871 0.506248
13.830407 -6.012958 0.506248
14.197568 -5.085752 0.506248
14.501391 -4.141350 -0.500980
14.741200 -3.184047 -0.500980
14.917884 -2.213109 -0.500980
15.030688 -1.232695 -0.500980
15.079128 -0.247001 -0.500980
15.062997 0.739750 -0.500980
14.982365 1.723333 -0.500980
14.837575 2.699537 -0.500980
14.629248 3.664181 -0.500980
14.358277 4.613134 -0.500980
14.025821 5.542333 -0.500980
13.633305 6.447799 -0.500980
13.182409 7.325655 -0.500980
12.675064 8.172141 -0.500980
12.113442 8.983633 -0.500980
11.499948 9.756655 -0.500980
10.837210 10.487898 -0.500980
10.128066 11.174230 -0.500980
9.375551 11.812712 -0.500980
8.582889 12.400611 -0.500980
7.753474 12.935408 -0.500980
6.890857 13.414813 -0.500980
5.998732 13.836775 -0.500980
5.080920 14.199485 -0.500980
4.141350 14.501391 -0.500980
3.184047 14.741200 -0.500980
2.213109 14.917884 -0.500980
1.232695 15.030688 -0.500980
0.247001 15.079128 -0.500980
-0.739750 15.062997 -0.500980
-1.723333 14.982365 -0.500980
-2.699537 14.837575 -0.500980
-3.664181 14.629248 -0.500980
-4.613134 14.358277 -0.500980
-5.542333 14.025821 -0.500980
-6.447799 13.633305 -0.500980
-7.325655 13.182409 -0.500980
-8.172141 12.675064 -0.500980
-8.983633 12.113442 -0.500980
-9.756655 11.499948 -0.500980
-10.487898 10.837210 -0.500980
-11.174230 10.128066 -0.500980
-11.812712 9.375551 -0.500980
-12.400611 8.582889 -0.500980
-12.935408 7.753474 -0.500980
-13.414813 6.890857 -0.500980
-13.836775 5.998732 -0.500980
-14.199485 5.080920 -0.500980
-14.501391 4.141350 -0.500980
-14.741200 3.184047 -0.500980
-14.917884 2.213109 -0.500980
-15.030688 1.232695 -0.500980
-15.079128 0.247001 -0.500980
-15.062997 -0.739750 -0.500980
-14.982365 -1.723333 -0.500980
-14.837575 -2.699537 -0.500980
-14.629248 -3.664181 -0.500980
-14.358277 -4.613134 -0.500980
-14.025821 -5.542333 -0.500980
-13.633305 -6.447799 -0.500980
-13.182409 -7.325655 -0.500980
-12.675064 -8.172141 -0.500980
-12.113442 -8.983633 -0.500980
-11.499948 -9.756655 -0.500980
-10.837210 -10.487898 -0.500980
-10.128066 -11.174230 -0.500980
-9.375551 -11.812712 -0.500980
-8.582889 -12.400611 -0.500980
-7.753474 -12.935408 -0.500980
-6.890857 -13.414813 -0.500980
-5.998732 -13.836775 -0.500980
-5.080920 -14.199485 -0.500980
-4.141350 -14.501391 -0.500980
-3.184047 -14.741200 -0.500980
-2.213109 -14.917884 -0.500980
-1.232695 -15.030688 -0.500980
-0.247001 -15.079128 -0.500980
0.739750 -15.062997 -0.500980
1.723333 -14.982365 -0.500980
2.699537 -14.837575 -0.500980
3.664181 -14.629248 -0.500980
4.613134 -14.358277 -0.500980
5.542333 -14.025821 -0.500980
6.447799 -13.633305 -0.500980
7.325655 -13.182409 -0.500980
8.172141 -12.675064 -0.500980
8.983633 -12.113442 -0.500980
9.756655 -11.499948 -0.500980
10.487898 -10.837210 -0.500980
11.174230 -10.128066 -0.500980
11.812712 -9.375551 -0.500980
12.400611 -8.582889 -0.500980
12.935408 -7.753474 -0.500980
13.414813 -6.890857 -0.500980
13.836775 -5.998732 -0.500980
14.199485 -5.080920 -0.500980
14.440985 -4.107964 -1.508205
14.680910 -3.144569 -1.508205
14.856638 -2.167424 -1.508205
14.967402 -1.180801 -1.508205
15.012718 -0.189015 -1.508205
14.992387 0.803597 -1.508205
14.906497 1.792696 -1.508205
14.755426 2.773956 -1.508205
14.539833 3.743085 -1.508205
14.260660 4.695848 -1.508205
13.919130 5.628076 -1.508205
13.516735 6.535695 -1.508205
13.055234 7.414734 -1.508205
12.536647 8.261351 -1.508205
11.963239 9.071843 -1.508205
11.337520 9.842666 -1.508205
10.662224 10.570449 -1.508205
9.940306 11.252011 -1.508205
9.174920 11.884370 -1.508205
8.369416 12.464763 -1.508205
7.527313 12.990650 -1.508205
6.652296 13.459732 -1.508205
5.748190 13.869958 -1.508205
4.818949 14.219534 -1.508205
3.868636 14.506932 -1.508205
2.901406 14.730895 -1.508205
1.921489 14.890443 -1.508205
0.933170 14.984880 -1.508205
-0.059230 15.013791 -1.508205
-1.051371 14.977051 -1.508205
-2.038914 14.874819 -1.508205
-3.017542 14.707544 -1.508205
-3.982975 14.475957 -1.508205
-4.930991 14.181070 -1.508205
-5.857445 13.824173 -1.508205
-6.758286 13.406826 -1.508205
-7.629575 12.930855 -1.508205
-8.467502 12.398340 -1.508205
-9.268402 11.811611 -1.508205
-10.028774 11.173232 -1.508205
-10.745293 10.485996 -1.508205
-11.414825 9.752907 -1.508205
-12.034444 8.977171 -1.508205
-12.601438 8.162180 -1.508205
-13.113330 7.311498 -1.508205
-13.567881 6.428844 -1.508205
-13.963102 5.518079 -1.508205
-14.297267 4.583185 -1.508205
-14.568913 3.628250 -1.508205
-14.776853 2.657449 -1.508205
-14.920178 1.675028 -1.508205
-14.998260 0.685283 -1.508205
-15.010759 -0.307459 -1.508205
-14.957620 -1.298857 -1.508205
-14.839075 -2.284575 -1.508205
-14.655642 -3.260303 -1.508205
-14.408124 -4.221775 -1.508205
-14.097603 -5.164786 -1.508205
-13.725437 -6.085212 -1.508205
-13.293253 -6.979030 -1.508205
-12.802940 -7.842330 -1.508205
-12.256644 -8.671338 -1.508205
-11.656753 -9.462428 -1.508205
-11.005889 -10.212141 -1.508205
-10.306900 -10.917199 -1.508205
-9.562841 -11.574519 -1.508205
-8.776967 -12.181227 -1.508205
-7.952713 -12.734669 -1.508205
-7.093683 -13.232425 -1.508205
-6.203635 -13.672320 -1.508205
-5.286460 -14.052429 -1.508205
-4.346169 -14.371090 -1.508205
-3.386873 -14.626911 -1.508205
-2.412766 -14.818771 -1.508205
-1.428110 -14.945833 -1.508205
-0.437209 -15.007540 -1.508205
0.555604 -15.003624 -1.508205
1.545988 -14.934100 -1.508205
2.529611 -14.799273 -1.508205
3.502173 -14.599733 -1.508205
4.459421 -14.336352 -1.508205
5.397169 -14.010282 -1.508205
6.311316 -13.622948 -1.508205
7.197866 -13.176045 -1.508205
8.052941 -12.671526 -1.508205
8.872803 -12.111597 -1.508205
9.653866 -11.498708 -1.508205
10.392716 -10.835538 -1.508205
11.086120 -10.124987 -1.508205
11.731048 -9.370162 -1.508205
12.324679 -8.574363 -1.508205
12.864418 -7.741071 -1.508205
13.347903 -6.873929 -1.508205
13.773022 -5.976730 -1.508205
14.137914 -5.053395 -1.508205
14.316582 -4.056248 -2.504881
14.555539 -3.090947 -2.504881
14.729487 -2.111842 -2.504881
14.837650 -1.123305 -2.504881
14.879544 -0.129751 -2.504881
14.854983 0.864383 -2.504881
14.764076 1.854656 -2.504881
14.607228 2.836646 -2.504881
14.385141 3.805967 -2.504881
14.098807 4.758289 -2.504881
13.749504 5.689360 -2.504881
13.338792 6.595020 -2.504881
12.868507 7.471226 -2.504881
12.340747 8.314063 -2.504881
11.757870 9.119768 -2.504881
11.122480 9.884741 -2.504881
10.437414 10.605567 -2.504881
9.705733 11.279026 -2.504881
8.930703 11.902110 -2.504881
8.115786 12.472036 -2.504881
7.264622 12.986260 -2.504881
6.381013 13.442483 -2.504881
5.468905 13.838669 -2.504881
4.532371 14.173048 -2.504881
3.575594 14.444127 -2.504881
2.602848 14.650695 -2.504881
1.618477 14.791829 -2.504881
0.626878 14.866899 -2.504881
-0.367521 14.875571 -2.504881
-1.360279 14.817804 -2.504881
-2.346962 14.693857 -2.504881
-3.323162 14.504285 -2.504881
-4.284520 14.249932 -2.504881
-5.226743 13.931936 -2.504881
-6.145622 13.551716 -2.504881
-7.037053 13.110971 -2.504881
-7.897054 12.611670 -2.504881
-8.721786 12.056041 -2.504881
-9.507564 11.446567 -2.504881
-10.250879 10.785971 -2.504881
-10.948411 10.077201 -2.504881
-11.597044 9.323424 -2.504881
-12.193883 8.528007 -2.504881
-12.736260 7.694501 -2.504881
-13.221755 6.826630 -2.504881
-13.648198 5.928269 -2.504881
-14.013684 5.003432 -2.504881
-14.316582 4.056248 -2.504881
-14.555539 3.090947 -2.504881
-14.729487 2.111842 -2.504881
-14.837650 1.123305 -2.504881
-14.879544 0.129751 -2.504881
-14.854983 -0.864383 -2.504881
-14.764076 -1.854656 -2.504881
-14.607228 -2.836646 -2.504881
-14.385141 -3.805967 -2.504881
-14.098807 -4.758289 -2.504881
-13.749504 -5.689360 -2.504881
-13.338792 -6.595020 -2.504881
-12.868507 -7.471226 -2.504881
-12.340747 -8.314063 -2.504881
-11.757870 -9.119768 -2.504881
-11.122480 -9.884741 -2.504881
-10.437414 -10.605567 -2.504881
-9.705733 -11.279026 -2.504881
-8.930703 -11.902110 -2.504881
-8.115786 -12.472036 -2.504881
-7.264622 -12.986260 -2.504881
-6.381013 -13.442483 -2.504881
-5.468905 -13.838669 -2.504881
-4.532371 -14.173048 -2.504881
-3.575594 -14.444127 -2.504881
-2.602848 -14.650695 -2.504881
-1.618477 -14.791829 -2.504881
-0.626878 -14.866899 -2.504881
0.367521 -14.875571 -2.504881
1.360279 -14.817804 -2.504881
2.346962 -14.693857 -2.504881
3.323162 -14.504285 -2.504881
4.284520 -14.249932 -2.504881
5.226743 -13.931936 -2.504881
6.145622 -13.551716 -2.504881
7.037053 -13.110971 -2.504881
7.897054 -12.611670 -2.504881
8.721786 -12.056041 -2.504881
9.507564 -11.446567 -2.504881
10.250879 -10.785971 -2.504881
10.948411 -10.077201 -2.504881
11.597044 -9.323424 -2.504881
12.193883 -8.528007 -2.504881
12.736260 -7.694501 -2.504881
13.221755 -6.826630 -2.504881
13.648198 -5.928269 -2.504881
14.013684 -5.003432 -2.504881
14.128437 -3.986492 -3.491024
14.365332 -3.023590 -3.491024
14.536681 -2.046892 -3.491024
14.641702 -1.060855 -3.491024
14.679917 -0.069977 -3.491024
14.651150 0.921220 -3.491024
14.555534 1.908214 -3.491024
14.393504 2.886501 -3.491024
14.165800 3.851618 -3.491024
13.873461 4.799160 -3.491024
13.517820 5.724805 -3.491024
13.100501 6.624330 -3.491024
12.623406 7.493628 -3.491024
12.088715 8.328735 -3.491024
11.498865 9.125840 -3.491024
10.856548 9.881306 -3.491024
10.164696 10.591686 -3.491024
9.426464 11.253738 -3.491024
8.645222 11.864443 -3.491024
7.824533 12.421012 -3.491024
6.968143 12.920907 -3.491024
6.079959 13.361847 -3.491024
5.164033 13.741820 -3.491024
4.224545 14.059092 -3.491024
3.265782 14.312216 -3.491024
2.292117 14.500036 -3.491024
1.307994 14.621696 -3.491024
0.317903 14.676641 -3.491024
-0.673639 14.664620 -3.491024
-1.662107 14.585687 -3.491024
-2.642991 14.440203 -3.491024
-3.611815 14.228831 -3.491024
-4.564160 13.952537 -3.491024
-5.495680 13.612581 -3.491024
-6.402124 13.210513 -3.491024
-7.279357 12.748169 -3.491024
-8.123375 12.227658 -3.491024
-8.930329 11.651355 -3.491024
-9.696535 11.021890 -3.491024
-10.418499 10.342134 -3.491024
-11.092925 9.615189 -3.491024
-11.716737 8.844373 -3.491024
-12.287088 8.033201 -3.491024
-12.801376 7.185376 -3.491024
-13.257254 6.304766 -3.491024
-13.652642 5.395389 -3.491024
-13.985736 4.461393 -3.491024
-14.255017 3.507042 -3.491024
-14.459255 2.536688 -3.491024
-14.597520 1.554760 -3.491024
-14.669178 0.565738 -3.491024
-14.673905 -0.425865 -3.491024
-14.611678 -1.415525 -3.491024
-14.482782 -2.398726 -3.491024
-14.287804 -3.370983 -3.491024
-14.027633 -4.327858 -3.491024
-13.703458 -5.264987 -3.491024
-13.316758 -6.178092 -3.491024
-12.869296 -7.063008 -3.491024
-12.363114 -7.915698 -3.491024
-11.800522 -8.732270 -3.491024
-11.184087 -9.508998 -3.491024
-10.516622 -10.242340 -3.491024
-9.801172 -10.928947 -3.491024
-9.041001 -11.565689 -3.491024
-8.239578 -12.149659 -3.491024
-7.400560 -12.678193 -3.491024
-6.527775 -13.148879 -3.491024
-5.625205 -13.559569 -3.491024
-4.696969 -13.908391 -3.491024
-3.747301 -14.193752 -3.491024
-2.780536 -14.414350 -3.491024
-1.801083 -14.569178 -3.491024
-0.813413 -14.657531 -3.491024
0.177969 -14.679005 -3.491024
1.168539 -14.633502 -3.491024
2.153777 -14.521229 -3.491024
3.129188 -14.342700 -3.491024
4.090321 -14.098728 -3.491024
5.032791 -13.790427 -3.491024
5.952298 -13.419203 -3.491024
6.844645 -12.986750 -3.491024
7.705762 -12.495042 -3.491024
8.531720 -11.946322 -3.491024
9.318749 -11.343094 -3.491024
10.063258 -10.688110 -3.491024
10.761852 -9.984358 -3.491024
11.411341 -9.235050 -3.491024
12.008764 -8.443604 -3.491024
12.551393 -7.613633 -3.491024
13.036752 -6.748922 -3.491024
13.462629 -5.853417 -3.491024
13.827078 -4.931204 -3.491024
13.880439 -3.888717 -4.461322
14.115653 -2.921824 -4.461322
14.283599 -1.941007 -4.461322
14.383478 -0.950940 -4.461322
14.414812 0.043658 -4.461322
14.377454 1.038049 -4.461322
14.271580 2.027492 -4.461322
14.097695 3.007274 -4.461322
13.856629 3.972725 -4.461322
13.549530 4.919243 -4.461322
13.177861 5.842320 -4.461322
12.743393 6.737555 -4.461322
12.248198 7.600682 -4.461322
11.694634 8.427589 -4.461322
11.085339 9.214335 -4.461322
10.423219 9.957170 -4.461322
9.711426 10.652554 -4.461322
8.953355 11.297175 -4.461322
8.152616 11.887959 -4.461322
7.313027 12.422091 -4.461322
6.438588 12.897027 -4.461322
5.533466 13.310502 -4.461322
4.601974 13.660547 -4.461322
3.648552 13.945493 -4.461322
2.677743 14.163983 -4.461322
1.694173 14.314974 -4.461322
0.702530 14.397749 -4.461322
-0.292461 14.411911 -4.461322
-1.286058 14.357394 -4.461322
-2.273527 14.234458 -4.461322
-3.250161 14.043688 -4.461322
-4.211307 13.785993 -4.461322
-5.152384 13.462602 -4.461322
-6.068908 13.075055 -4.461322
-6.956510 12.625200 -4.461322
-7.810962 12.115180 -4.461322
-8.628191 11.547426 -4.461322
-9.404302 10.924643 -4.461322
-10.135598 10.249799 -4.461322
-10.818593 9.526110 -4.461322
-11.450032 8.757025 -4.461322
-12.026907 7.946208 -4.461322
-12.546468 7.097524 -4.461322
-13.006240 6.215018 -4.461322
-13.404031 5.302894 -4.461322
-13.737945 4.365499 -4.461322
-14.006392 3.407301 -4.461322
-14.208092 2.432865 -4.461322
-14.342084 1.446835 -4.461322
-14.407730 0.453911 -4.461322
-14.404716 -0.541176 -4.461322
-14.333057 -1.533684 -4.461322
-14.193095 -2.518884 -4.461322
-13.985496 -3.492080 -4.461322
-13.711250 -4.448635 -4.461322
-13.371663 -5.383990 -4.461322
-12.968354 -6.293687 -4.461322
-12.503246 -7.173393 -4.461322
-11.978553 -8.018914 -4.461322
-11.396777 -8.826221 -4.461322
-10.760691 -9.591467 -4.461322
-10.073325 -10.311006 -4.461322
-9.337955 -10.981408 -4.461322
-8.558085 -11.599478 -4.461322
-7.737432 -12.162272 -4.461322
-6.879907 -12.667107 -4.461322
-5.989596 -13.111577 -4.461322
-5.070741 -13.493565 -4.461322
-4.127723 -13.811250 -4.461322
-3.165034 -14.063118 -4.461322
-2.187262 -14.247968 -4.461322
-1.199066 -14.364921 -4.461322
-0.205157 -14.413418 -4.461322
0.789730 -14.393229 -4.461322
1.780854 -14.304449 -4.461322
2.763491 -14.147503 -4.461322
3.732959 -13.923137 -4.461322
4.684637 -13.632421 -4.461322
5.613991 -13.276740 -4.461322
6.516592 -12.857789 -4.461322
7.388138 -12.377565 -4.461322
8.224477 -11.838357 -4.461322
9.021622 -11.242733 -4.461322
9.775775 -10.593533 -4.461322
10.483342 -9.893850 -4.461322
11.140951 -9.147017 -4.461322
11.745468 -8.356596 -4.461322
12.294013 -7.526351 -4.461322
12.783971 -6.660240 -4.461322
13.213008 -5.762389 -4.461322
13.579079 -4.837078 -4.461322
13.571192 -3.773707 -5.410544
13.803580 -2.807009 -5.410544
13.967199 -1.826327 -5.410544
14.061234 -0.836546 -5.410544
14.085217 0.157403 -5.410544
14.039028 1.150568 -5.410544
13.922898 2.138000 -5.410544
13.737404 3.114781 -5.410544
13.483471 4.076044 -5.410544
13.162364 5.017001 -5.410544
12.775683 5.932963 -5.410544
12.325354 6.819368 -5.410544
11.813620 7.671798 -5.410544
11.243032 8.486009 -5.410544
10.616432 9.257942 -5.410544
9.936941 9.983753 -5.410544
9.207945 10.659825 -5.410544
8.433075 11.282790 -5.410544
7.616192 11.849546 -5.410544
6.761366 12.357267 -5.410544
5.872855 12.803425 -5.410544
4.955086 13.185797 -5.410544
4.012630 13.502478 -5.410544
3.050184 13.751891 -5.410544
2.072542 13.932792 -5.410544
1.084575 14.044281 -5.410544
0.091204 14.085801 -5.410544
-0.902621 14.057147 -5.410544
-1.891949 13.958462 -5.410544
-2.871851 13.790235 -5.410544
-3.837447 13.553307 -5.410544
-4.783924 13.248856 -5.410544
-5.706568 12.878401 -5.410544
-6.600782 12.443786 -5.410544
-7.462111 11.947176 -5.410544
-8.286264 11.391046 -5.410544
-9.069136 10.778167 -5.410544
-9.806826 10.111592 -5.410544
-10.495658 9.394641 -5.410544
-11.132202 8.630886 -5.410544
-11.713286 7.824133 -5.410544
-12.236015 6.978400 -5.410544
-12.697784 6.097901 -5.410544
-13.096294 5.187023 -5.410544
-13.429558 4.250303 -5.410544
-13.695918 3.292409 -5.410544
-13.894045 2.318112 -5.410544
-14.022952 1.332266 -5.410544
-14.081998 0.339783 -5.410544
-14.070888 -0.654393 -5.410544
-13.989678 -1.645309 -5.410544
-13.838771 -2.628028 -5.410544
-13.618921 -3.597654 -5.410544
-13.331222 -4.549357 -5.410544
-12.977107 -5.478395 -5.410544
-12.558341 -6.380140 -5.410544
-12.077010 -7.250099 -5.410544
-11.535512 -8.083939 -5.410544
-10.936545 -8.877505 -5.410544
-10.283092 -9.626844 -5.410544
-9.578410 -10.328223 -5.410544
-8.826008 -10.978146 -5.410544
-8.029636 -11.573378 -5.410544
-7.193260 -12.110951 -5.410544
-6.321048 -12.588188 -5.410544
-5.417345 -13.002711 -5.410544
-4.486653 -13.352455 -5.410544
-3.533608 -13.635679 -5.410544
-2.562960 -13.850970 -5.410544
-1.579542 -13.997256 -5.410544
-0.588256 -14.073808 -5.410544
0.405961 -14.080246 -5.410544
1.398156 -14.016536 -5.410544
2.383385 -13.882997 -5.410544
3.356740 -13.680293 -5.410544
4.313372 -13.409435 -5.410544
5.248515 -13.071771 -5.410544
6.157510 -12.668985 -5.410544
7.035829 -12.203083 -5.410544
7.879096 -11.676385 -5.410544
8.683109 -11.091516 -5.410544
9.443864 -10.451390 -5.410544
10.157570 -9.759195 -5.410544
10.820671 -9.018381 -5.410544
11.429864 -8.232638 -5.410544
11.982114 -7.405880 -5.410544
12.474670 -6.542226 -5.410544
12.905078 -5.645979 -5.410544
13.271193 -4.721604 -5.410544
13.200395 -3.641767 -6.338708
13.428766 -2.679763 -6.338708
13.587126 -1.703787 -6.338708
13.674649 -0.718930 -6.338708
13.690879 0.269677 -6.338708
13.635731 1.256877 -6.338708
13.509492 2.237524 -6.338708
13.312821 3.206506 -6.338708
13.046744 4.158771 -6.338708
12.712646 5.089353 -6.338708
12.312271 5.993403 -6.338708
11.847705 6.866205 -6.338708
11.321371 7.703210 -6.338708
10.736012 8.500054 -6.338708
10.094681 9.252583 -6.338708
9.400721 9.956874 -6.338708
8.657750 10.609253 -6.338708
7.869641 11.206321 -6.338708
7.040504 11.744965 -6.338708
6.174661 12.222375 -6.338708
5.276626 12.636064 -6.338708
4.351081 12.983874 -6.338708
3.402851 13.263992 -6.338708
2.436881 13.474958 -6.338708
1.458206 13.615672 -6.338708
0.471928 13.685400 -6.338708
-0.516810 13.683779 -6.338708
-1.502853 13.610816 -6.338708
-2.481062 13.466894 -6.338708
-3.446335 13.252761 -6.338708
-4.393641 12.969534 -6.338708
-5.318040 12.618690 -6.338708
-6.214713 12.202058 -6.338708
-7.078986 11.721811 -6.338708
-7.906352 11.180451 -6.338708
-8.692499 10.580801 -6.338708
-9.433326 9.925988 -6.338708
-10.124973 9.219426 -6.338708
-10.763832 8.464798 -6.338708
-11.346574 7.666038 -6.338708
-11.870161 6.827311 -6.338708
-12.331861 5.952990 -6.338708
-12.729269 5.047632 -6.338708
-13.060313 4.115959 -6.338708
-13.323266 3.162827 -6.338708
-13.516758 2.193205 -6.338708
-13.639780 1.212149 -6.338708
-13.691690 0.224773 -6.338708
-13.672218 -0.763774 -6.338708
-13.581465 -1.748340 -6.338708
-13.419905 -2.723791 -6.338708
-13.188380 -3.685041 -6.338708
-12.888097 -4.627078 -6.338708
-12.520621 -5.544993 -6.338708
-12.087868 -6.433998 -6.338708
-11.592095 -7.289460 -6.338708
-11.035886 -8.106917 -6.338708
-10.422141 -8.882109 -6.338708
-9.754060 -9.610994 -6.338708
-9.035126 -10.289771 -6.338708
-8.269086 -10.914903 -6.338708
-7.459936 -11.483129 -6.338708
-6.611893 -11.991487 -6.338708
-5.729378 -12.437327 -6.338708
-4.816993 -12.818325 -6.338708
-3.879495 -13.132494 -6.338708
-2.921771 -13.378197 -6.338708
-1.948814 -13.554151 -6.338708
-0.965697 -13.659441 -6.338708
0.022455 -13.693516 -6.338708
1.010490 -13.656200 -6.338708
1.993257 -13.547687 -6.338708
2.965632 -13.368542 -6.338708
3.922545 -13.119700 -6.338708
4.859008 -12.802458 -6.338708
5.770138 -12.418470 -6.338708
6.651186 -11.969738 -6.338708
7.497557 -11.458601 -6.338708
8.304840 -10.887724 -6.338708
9.068824 -10.260083 -6.338708
9.785529 -9.578952 -6.338708
10.451216 -8.847880 -6.338708
11.062415 -8.070679 -6.338708
11.615940 -7.251402 -6.338708
12.108905 -6.394319 -6.338708
12.538739 -5.503899 -6.338708
12.903203 -4.584784 -6.338708
12.778632 -3.471623 -7.235089
13.004589 -2.495249 -7.235089
13.156057 -1.504582 -7.235089
13.232168 -0.505297 -7.235089
13.232487 0.496883 -7.235089
13.157011 1.496216 -7.235089
13.006173 2.486979 -7.235089
12.780837 3.463497 -7.235089
12.482293 4.420176 -7.235089
12.112252 5.351537 -7.235089
11.672833 6.252245 -7.235089
11.166553 7.117141 -7.235089
10.596312 7.941270 -7.235089
9.965376 8.719912 -7.235089
9.277360 9.448608 -7.235089
8.536203 10.123183 -7.235089
7.746153 10.739773 -7.235089
6.911732 11.294846 -7.235089
6.037722 11.785224 -7.235089
5.129129 12.208097 -7.235089
4.191156 12.561043 -7.235089
3.229177 12.842041 -7.235089
2.248701 13.049480 -7.235089
1.255345 13.182174 -7.235089
0.254799 13.239361 -7.235089
-0.747207 13.220714 -7.235089
-1.744933 13.126340 -7.235089
-2.732664 12.956780 -7.235089
-3.704743 12.713004 -7.235089
-4.655601 12.396410 -7.235089
-5.579793 12.008810 -7.235089
-6.472024 11.552424 -7.235089
-7.327184 11.029867 -7.235089
-8.140374 10.444133 -7.235089
-8.906937 9.798575 -7.235089
-9.622482 9.096892 -7.235089
-10.282910 8.343102 -7.235089
-10.884439 7.541525 -7.235089
-11.423622 6.696750 -7.235089
-11.897372 5.813616 -7.235089
-12.302975 4.897183 -7.235089
-12.638108 3.952699 -7.235089
-12.900850 2.985574 -7.235089
-13.089698 2.001349 -7.235089
-13.203569 1.005660 -7.235089
-13.241812 0.004210 -7.235089
-13.204206 -0.997264 -7.235089
-13.090968 -1.993025 -7.235089
-12.902746 -2.977371 -7.235089
-12.640618 -3.944662 -7.235089
-12.306086 -4.889359 -7.235089
-11.901066 -5.806050 -7.235089
-11.427878 -6.689484 -7.235089
-10.889232 -7.534602 -7.235089
-10.288213 -8.336562 -7.235089
-9.628264 -9.090771 -7.235089
-8.913166 -9.792909 -7.235089
-8.147013 -10.438954 -7.235089
-7.334196 -11.025206 -7.235089
-6.479368 -11.548306 -7.235089
-5.587428 -12.005259 -7.235089
-4.663483 -12.393447 -7.235089
-3.712826 -12.710646 -7.235089
-2.740902 -12.955040 -7.235089
-1.753279 -13.125228 -7.235089
-0.755613 -13.220236 -7.235089
0.246381 -13.239520 -7.235089
1.246963 -13.182969 -7.235089
2.240403 -13.050908 -7.235089
3.221011 -12.844091 -7.235089
4.183168 -12.563706 -7.235089
5.121365 -12.211356 -7.235089
6.030228 -11.789061 -7.235089
6.904549 -11.299239 -7.235089
7.739322 -10.744696 -7.235089
8.529765 -10.128608 -7.235089
9.271350 -9.454505 -7.235089
9.959830 -8.726247 -7.235089
10.591260 -7.948006 -7.235089
11.162025 -7.124240 -7.235089
11.668855 -6.259666 -7.235089
12.108846 -5.359238 -7.235089
12.479480 -4.428113 -7.235089
12.293558 -3.309017 -8.100059
12.513014 -2.346409 -8.100059
12.657215 -1.369690 -8.100059
12.725295 -0.384733 -8.100059
12.716843 0.602538 -8.100059
12.631911 1.586185 -8.100059
12.471009 2.560293 -8.100059
12.235104 3.519002 -8.100059
11.925617 4.456548 -8.100059
11.544407 5.367292 -8.100059
11.093768 6.245756 -8.100059
10.576409 7.086658 -8.100059
9.995443 7.884939 -8.100059
9.354363 8.635800 -8.100059
8.657025 9.334724 -8.100059
7.907623 9.977508 -8.100059
7.110663 10.560286 -8.100059
6.270938 11.079553 -8.100059
5.393500 11.532186 -8.100059
4.483624 11.915463 -8.100059
3.546784 12.227080 -8.100059
2.588612 12.465161 -8.100059
1.614873 12.628275 -8.100059
0.631421 12.715442 -8.100059
-0.355828 12.726136 -8.100059
-1.340937 12.660294 -8.100059
-2.317982 12.518311 -8.100059
-3.281086 12.301042 -8.100059
-4.224457 12.009793 -8.100059
-5.142421 11.646315 -8.100059
-6.029459 11.212795 -8.100059
-6.880235 10.711840 -8.100059
-7.689632 10.146463 -8.100059
-8.452783 9.520064 -8.100059
-9.165098 8.836410 -8.100059
-9.822292 8.099613 -8.100059
-10.420415 7.314104 -8.100059
-10.955868 6.484606 -8.100059
-11.425430 5.616110 -8.100059
-11.826279 4.713838 -8.100059
-12.156004 3.783216 -8.100059
-12.412621 2.829842 -8.100059
-12.594586 1.859448 -8.100059
-12.700807 0.877872 -8.100059
-12.730643 -0.108984 -8.100059
-12.683916 -1.095185 -8.100059
-12.560906 -2.074799 -8.100059
-12.362354 -3.041935 -8.100059
-12.089452 -3.990777 -8.100059
-11.743844 -4.915617 -8.100059
-11.327606 -5.810894 -8.100059
-10.843243 -6.671224 -8.100059
-10.293668 -7.491433 -8.100059
-9.682185 -8.266587 -8.100059
-9.012472 -8.992024 -8.100059
-8.288557 -9.663383 -8.100059
-7.514794 -10.276625 -8.100059
-6.695836 -10.828062 -8.100059
-5.836609 -11.314378 -8.100059
-4.942279 -11.732648 -8.100059
-4.018226 -12.080357 -8.100059
-3.070007 -12.355412 -8.100059
-2.103324 -12.556161 -8.100059
-1.123992 -12.681396 -8.100059
-0.137900 -12.730363 -8.100059
0.849021 -12.702768 -8.100059
1.830836 -12.598777 -8.100059
2.801641 -12.419016 -8.100059
3.755596 -12.164566 -8.100059
4.686964 -11.836956 -8.100059
5.590144 -11.438157 -8.100059
6.459705 -10.970568 -8.100059
7.290416 -10.437001 -8.100059
8.077282 -9.840664 -8.100059
8.815570 -9.185145 -8.100059
9.500840 -8.474385 -8.100059
10.128971 -7.712658 -8.100059
10.696185 -6.904548 -8.100059
11.199071 -6.054912 -8.100059
11.634605 -5.168861 -8.100059
12.000166 -4.251725 -8.100059
11.757241 -3.107567 -8.933219
11.971416 -2.138903 -8.933219
12.105922 -1.156004 -8.933219
12.159866 -0.165413 -8.933219
12.132887 0.826280 -8.933219
12.025167 1.812473 -8.933219
11.837421 2.786605 -8.933219
11.570898 3.742193 -8.933219
11.227374 4.672876 -8.933219
10.809133 5.572463 -8.933219
10.318959 6.434966 -8.933219
9.760114 7.254645 -8.933219
9.136317 8.026046 -8.933219
8.451719 8.744034 -8.933219
7.710877 9.403833 -8.933219
6.918720 10.001050 -8.933219
6.080520 10.531713 -8.933219
5.201855 10.992288 -8.933219
4.288573 11.379712 -8.933219
3.346751 11.691405 -8.933219
2.382657 11.925294 -8.933219
1.402707 12.079822 -8.933219
0.413422 12.153961 -8.933219
-0.578615 12.147218 -8.933219
-1.566800 12.059636 -8.933219
-2.544559 11.891800 -8.933219
-3.505385 11.644826 -8.933219
-4.442882 11.320357 -8.933219
-5.350813 10.920554 -8.933219
-6.223135 10.448076 -8.933219
-7.054043 9.906067 -8.933219
-7.838008 9.298136 -8.933219
-8.569812 8.628326 -8.933219
-9.244585 7.901097 -8.933219
-9.857838 7.121287 -8.933219
-10.405487 6.294087 -8.933219
-10.883891 5.425000 -8.933219
-11.289863 4.519810 -8.933219
-11.620704 3.584542 -8.933219
-11.874210 2.625420 -8.933219
-12.048696 1.648826 -8.933219
-12.142999 0.661259 -8.933219
-12.156493 -0.330709 -8.933219
-12.089088 -1.320475 -8.933219
-11.941231 -2.301454 -8.933219
-11.713908 -3.267118 -8.933219
-11.408630 -4.211039 -8.933219
-11.027430 -5.126936 -8.933219
-10.572844 -6.008715 -8.933219
-10.047898 -6.850506 -8.933219
-9.456085 -7.646709 -8.933219
-8.801343 -8.392024 -8.933219
-8.088029 -9.081491 -8.933219
-7.320891 -9.710523 -8.933219
-6.505034 -10.274932 -8.933219
-5.645886 -10.770964 -8.933219
-4.749167 -11.195317 -8.933219
-3.820842 -11.545166 -8.933219
-2.867090 -11.818185 -8.933219
-1.894258 -12.012555 -8.933219
-0.908821 -12.126984 -8.933219
0.082665 -12.160710 -8.933219
1.073601 -12.113508 -8.933219
2.057392 -11.985693 -8.933219
3.027491 -11.778115 -8.933219
3.977443 -11.492156 -8.933219
4.900926 -11.129718 -8.933219
5.791794 -10.693214 -8.933219
6.644118 -10.185548 -8.933219
7.452227 -9.610099 -8.933219
8.210743 -8.970696 -8.933219
8.914617 -8.271595 -8.933219
9.559167 -7.517448 -8.933219
10.140101 -6.713274 -8.933219
10.653555 -5.864423 -8.933219
11.096111 -4.976546 -8.933219
11.464824 -4.055551 -8.933219
11.169877 -2.892289 -9.724228
11.377163 -1.921366 -9.724228
11.500217 -0.936218 -9.724228
11.538127 0.055862 -9.724228
11.490613 1.047528 -9.724228
11.358026 2.031438 -9.724228
11.141348 3.000309 -9.724228
10.842184 3.946966 -9.724228
10.462748 4.864401 -9.724228
10.005849 5.745822 -9.724228
9.474871 6.584703 -9.724228
8.873744 7.374833 -9.724228
8.206919 8.110362 -9.724228
7.479333 8.785845 -9.724228
6.696372 9.396281 -9.724228
5.863834 9.937150 -9.724228
4.987882 10.404447 -9.724228
4.075002 10.794714 -9.724228
3.131951 11.105061 -9.724228
2.165713 11.333189 -9.724228
1.183441 11.477411 -9.724228
0.192406 11.536658 -9.724228
-0.800052 11.510491 -9.724228
-1.786588 11.399105 -9.724228
-2.759896 11.203324 -9.724228
-3.712771 10.924597 -9.724228
-4.638157 10.564989 -9.724228
-5.529205 10.127161 -9.724228
-6.379316 9.614355 -9.724228
-7.182197 9.030368 -9.724228
-7.931904 8.379523 -9.724228
-8.622885 7.666639 -9.724228
-9.250026 6.896993 -9.724228
-9.808682 6.076285 -9.724228
-10.294719 5.210591 -9.724228
-10.704537 4.306319 -9.724228
-11.035103 3.370164 -9.724228
-11.283968 2.409058 -9.724228
-11.449291 1.430116 -9.724228
-11.529847 0.440586 -9.724228
-11.525041 -0.552206 -9.724228
-11.434907 -1.540910 -9.724228
-11.260113 -2.518205 -9.724228
-11.001953 -3.476856 -9.724228
-10.662338 -4.409766 -9.724228
-10.243783 -5.310028 -9.724228
-9.749387 -6.170976 -9.724228
-9.182810 -6.986236 -9.724228
-8.548246 -7.749773 -9.724228
-7.850395 -8.455933 -9.724228
-7.094421 -9.099488 -9.724228
-6.285923 -9.675674 -9.724228
-5.430887 -10.180224 -9.724228
-4.535641 -10.609404 -9.724228
-3.606816 -10.960035 -9.724228
-2.651287 -11.229522 -9.724228
-1.676129 -11.415870 -9.724228
-0.688561 -11.517698 -9.724228
0.304104 -11.534254 -9.724228
1.294519 -11.465414 -9.724228
2.275348 -11.311688 -9.724228
3.239332 -11.074214 -9.724228
4.179334 -10.754751 -9.724228
5.088392 -10.355663 -9.724228
5.959779 -9.879905 -9.724228
6.787041 -9.331001 -9.724228
7.564054 -8.713012 -9.724228
8.285065 -8.030516 -9.724228
8.944737 -7.288564 -9.724228
9.538185 -6.492651 -9.724228
10.061016 -5.648668 -9.724228
10.509358 -4.762864 -9.724228
10.879893 -3.841798 -9.724228
10.540032 -2.651043 -10.467655
10.739677 -1.667223 -10.467655
10.847696 -0.669178 -10.467655
10.863165 0.334576 -10.467655
10.785954 1.335475 -10.467655
10.616721 2.324980 -10.467655
10.356910 3.294650 -10.467655
10.008737 4.236210 -10.467655
9.575174 5.141629 -10.467655
9.059918 6.003181 -10.467655
8.467366 6.813517 -10.467655
7.802574 7.565721 -10.467655
7.071213 8.253378 -10.467655
6.279523 8.870620 -10.467655
5.434258 9.412181 -10.467655
4.542630 9.873440 -10.467655
3.612246 10.250463 -10.467655
2.651043 10.540032 -10.467655
1.667223 10.739677 -10.467655
0.669178 10.847696 -10.467655
-0.334576 10.863165 -10.467655
-1.335475 10.785954 -10.467655
-2.324980 10.616721 -10.467655
-3.294650 10.356910 -10.467655
-4.236210 10.008737 -10.467655
-5.141629 9.575174 -10.467655
-6.003181 9.059918 -10.467655
-6.813517 8.467366 -10.467655
-7.565721 7.802574 -10.467655
-8.253378 7.071213 -10.467655
-8.870620 6.279523 -10.467655
-9.412181 5.434258 -10.467655
-9.873440 4.542630 -10.467655
-10.250463 3.612246 -10.467655
-10.540032 2.651043 -10.467655
-10.739677 1.667223 -10.467655
-10.847696 0.669178 -10.467655
-10.863165 -0.334576 -10.467655
-10.785954 -1.335475 -10.467655
-10.616721 -2.324980 -10.467655
-10.356910 -3.294650 -10.467655
-10.008737 -4.236210 -10.467655
-9.575174 -5.141629 -10.467655
-9.059918 -6.003181 -10.467655
-8.467366 -6.813517 -10.467655
-7.802574 -7.565721 -10.467655
-7.071213 -8.253378 -10.467655
-6.279523 -8.870620 -10.467655
-5.434258 -9.412181 -10.467655
-4.542630 -9.873440 -10.467655
-3.612246 -10.250463 -10.467655
-2.651043 -10.540032 -10.467655
-1.667223 -10.739677 -10.467655
-0.669178 -10.847696 -10.467655
0.334576 -10.863165 -10.467655
1.335475 -10.785954 -10.467655
2.324980 -10.616721 -10.467655
3.294650 -10.356910 -10.467655
4.236210 -10.008737 -10.467655
5.141629 -9.575174 -10.467655
6.003181 -9.059918 -10.467655
6.813517 -8.467366 -10.467655
7.565721 -7.802574 -10.467655
8.253378 -7.071213 -10.467655
8.870620 -6.279523 -10.467655
9.412181 -5.434258 -10.467655
9.873440 -4.542630 -10.467655
10.250463 -3.612246 -10.467655
9.851597 -2.425835 -11.169309
10.039733 -1.463694 -11.169309
10.134131 -0.487887 -11.169309
10.133909 0.492475 -11.169309
10.039069 1.468239 -11.169309
9.850498 2.430295 -11.169309
9.569955 3.369659 -11.169309
9.200060 4.277563 -11.169309
8.744266 5.145527 -11.169309
8.206830 5.965449 -11.169309
7.592768 6.729674 -11.169309
6.907815 7.431065 -11.169309
6.158366 8.063074 -11.169309
5.351417 8.619801 -11.169309
4.494504 9.096047 -11.169309
3.595627 9.487366 -11.169309
2.663179 9.790103 -11.169309
1.705865 10.001433 -11.169309
0.732623 10.119382 -11.169309
-0.247458 10.142850 -11.169309
-1.225229 10.071616 -11.169309
-2.191560 9.906347 -11.169309
-3.137430 9.648584 -11.169309
-4.054006 9.300735 -11.169309
-4.932731 8.866048 -11.169309
-5.765400 8.348581 -11.169309
-6.544239 7.753165 -11.169309
-7.261977 7.085361 -11.169309
-7.911911 6.351402 -11.169309
-8.487974 5.558142 -11.169309
-8.984787 4.712986 -11.169309
-9.397712 3.823827 -11.169309
-9.722892 2.898966 -11.169309
-9.957293 1.947039 -11.169309
-10.098725 0.976932 -11.169309
-10.145868 -0.002296 -11.169309
-10.098282 -0.981503 -11.169309
-9.956410 -1.951546 -11.169309
-9.721579 -2.903368 -11.169309
-9.395980 -3.828081 -11.169309
-8.982653 -4.717053 -11.169309
-8.485457 -5.561983 -11.169309
-7.909035 -6.354983 -11.169309
-7.258768 -7.088647 -11.169309
-6.540729 -7.756127 -11.169309
-5.761620 -8.351190 -11.169309
-4.928716 -8.868280 -11.169309
-4.049795 -9.302570 -11.169309
-3.133061 -9.650003 -11.169309
-2.187076 -9.907338 -11.169309
-1.220669 -10.072170 -11.169309
-0.242866 -10.142961 -11.169309
0.737204 -10.119050 -11.169309
1.710392 -10.000660 -11.169309
2.667610 -9.788897 -11.169309
3.599922 -9.485737 -11.169309
4.498621 -9.094011 -11.169309
5.355319 -8.617378 -11.169309
6.162015 -8.060286 -11.169309
6.911179 -7.427937 -11.169309
7.595814 -6.726236 -11.169309
8.209529 -5.961734 -11.169309
8.746595 -5.141568 -11.169309
9.201995 -4.273397 -11.169309
9.571479 -3.365327 -11.169309
9.127399 -2.144681 -11.822987
9.303656 -1.162348 -11.822987
9.374499 -0.166845 -11.822987
9.339125 0.830549 -11.822987
9.197935 1.818532 -11.822987
8.952529 2.785910 -11.822987
8.605687 3.721723 -11.822987
8.161339 4.615367 -11.822987
7.624520 5.456717 -11.822987
7.001312 6.236241 -11.822987
6.298777 6.945105 -11.822987
5.524873 7.575279 -11.822987
4.688371 8.119621 -11.822987
3.798748 8.571965 -11.822987
2.866083 8.927185 -11.822987
1.900945 9.181257 -11.822987
0.914267 9.331301 -11.822987
-0.082769 9.375618 -11.822987
-1.078867 9.313706 -11.822987
-2.062741 9.146265 -11.822987
-3.023244 8.875194 -11.822987
-3.949492 8.503563 -11.822987
-4.830990 8.035584 -11.822987
-5.657752 7.476558 -11.822987
-6.420409 6.832819 -11.822987
-7.110320 6.111662 -11.822987
-7.719669 5.321258 -11.822987
-8.241550 4.470561 -11.822987
-8.670052 3.569211 -11.822987
-9.000318 2.627421 -11.822987
-9.228607 1.655861 -11.822987
-9.352333 0.665539 -11.822987
-9.370092 -0.332323 -11.822987
-9.281685 -1.326420 -11.822987
-9.088113 -2.305488 -11.822987
-8.791568 -3.258435 -11.822987
-8.395412 -4.174461 -11.822987
-7.904132 -5.043190 -11.822987
-7.323296 -5.854777 -11.822987
-6.659483 -6.600027 -11.822987
-5.920216 -7.270496 -11.822987
-5.113870 -7.858588 -11.822987
-4.249582 -8.357638 -11.822987
-3.337145 -8.761994 -11.822987
-2.386897 -9.067072 -11.822987
-1.409604 -9.269417 -11.822987
-0.416340 -9.366735 -11.822987
0.581642 -9.357925 -11.822987
1.573033 -9.243086 -11.822987
2.546602 -9.023519 -11.822987
3.491316 -8.701712 -11.822987
4.396472 -8.281310 -11.822987
5.251815 -7.767079 -11.822987
6.047652 -7.164843 -11.822987
6.774967 -6.481427 -11.822987
7.425519 -5.724573 -11.822987
7.991937 -4.902858 -11.822987
8.467803 -4.025592 -11.822987
8.847725 -3.102714 -11.822987
8.364589 -1.869944 -12.418899
8.525118 -0.886231 -12.418899
8.570359 0.109467 -12.418899
8.499701 1.103685 -12.418899
8.314099 2.082977 -12.418899
8.016063 3.034101 -12.418899
7.609624 3.944194 -12.418899
7.100277 4.800948 -12.418899
6.494912 5.592778 -12.418899
5.801714 6.308974 -12.418899
5.030057 6.939853 -12.418899
4.190378 7.476882 -12.418899
3.294031 7.912800 -12.418899
2.353138 8.241710 -12.418899
1.380423 8.459165 -12.418899
0.389040 8.562225 -12.418899
-0.607604 8.549495 -12.418899
-1.596032 8.421147 -12.418899
-2.562875 8.178919 -12.418899
-3.495061 7.826084 -12.418899
-4.379981 7.367415 -12.418899
-5.205670 6.809115 -12.418899
-5.960961 6.158732 -12.418899
-6.635640 5.425064 -12.418899
-7.220584 4.618031 -12.418899
-7.707882 3.748547 -12.418899
-8.090943 2.828370 -12.418899
-8.364589 1.869944 -12.418899
-8.525118 0.886231 -12.418899
-8.570359 -0.109467 -12.418899
-8.499701 -1.103685 -12.418899
-8.314099 -2.082977 -12.418899
-8.016063 -3.034101 -12.418899
-7.609624 -3.944194 -12.418899
-7.100277 -4.800948 -12.418899
-6.494912 -5.592778 -12.418899
-5.801714 -6.308974 -12.418899
-5.030057 -6.939853 -12.418899
-4.190378 -7.476882 -12.418899
-3.294031 -7.912800 -12.418899
-2.353138 -8.241710 -12.418899
-1.380423 -8.459165 -12.418899
-0.389040 -8.562225 -12.418899
0.607604 -8.549495 -12.418899
1.596032 -8.421147 -12.418899
2.562875 -8.178919 -12.418899
3.495061 -7.826084 -12.418899
4.379981 -7.367415 -12.418899
5.205670 -6.809115 -12.418899
5.960961 -6.158732 -12.418899
6.635640 -5.425064 -12.418899
7.220584 -4.618031 -12.418899
7.707882 -3.748547 -12.418899
8.090943 -2.828370 -12.418899
7.560210 -1.586744 -12.962159
7.701049 -0.606939 -12.962159
7.715437 0.382832 -12.962159
7.603138 1.366318 -12.962159
7.365996 2.327368 -12.962159
7.007904 3.250203 -12.962159
6.534742 4.119670 -12.962159
5.954281 4.921491 -12.962159
5.276050 5.642503 -12.962159
4.511186 6.270864 -12.962159
3.672249 6.796258 -12.962159
2.773014 7.210058 -12.962159
1.828246 7.505468 -12.962159
0.853458 7.677639 -12.962159
-0.135344 7.723744 -12.962159
-1.121923 7.643025 -12.962159
-2.090080 7.436807 -12.962159
-3.023919 7.108478 -12.962159
-3.908104 6.663427 -12.962159
-4.728119 6.108963 -12.962159
-5.470498 5.454190 -12.962159
-6.123051 4.709859 -12.962159
-6.675065 3.888193 -12.962159
-7.117474 3.002683 -12.962159
-7.443014 2.067868 -12.962159
-7.646340 1.099100 -12.962159
-7.724113 0.112284 -12.962159
-7.675057 -0.876376 -12.962159
-7.499977 -1.850645 -12.962159
-7.201747 -2.794527 -12.962159
-6.785264 -3.692523 -12.962159
-6.257368 -4.529888 -12.962159
-5.626726 -5.292872 -12.962159
-4.903693 -5.968947 -12.962159
-4.100142 -6.547013 -12.962159
-3.229266 -7.017576 -12.962159
-2.305366 -7.372911 -12.962159
-1.343612 -7.607184 -12.962159
-0.359796 -7.716546 -12.962159
0.629928 -7.699203 -12.962159
1.609308 -7.555439 -12.962159
2.562264 -7.287616 -12.962159
3.473147 -6.900129 -12.962159
4.327002 -6.399343 -12.962159
5.109807 -5.793480 -12.962159
5.808709 -5.092488 -12.962159
6.412233 -4.307877 -12.962159
6.910468 -3.452532 -12.962159
7.295233 -2.540495 -12.962159
6.725874 -1.276055 -13.447171
6.839994 -0.283161 -13.447171
6.808331 0.715767 -13.447171
6.631561 1.699441 -13.447171
6.313450 2.646893 -13.447171
5.860779 3.537932 -13.447171
5.283196 4.353566 -13.447171
4.593011 5.076411 -13.447171
3.804933 5.691061 -13.447171
2.935760 6.184416 -13.447171
2.004017 6.545962 -13.447171
1.029561 6.767991 -13.447171
0.033162 6.845772 -13.447171
-0.963944 6.777648 -13.447171
-1.940505 6.565069 -13.447171
-2.875707 6.212568 -13.447171
-3.749619 5.727657 -13.447171
-4.543614 5.120670 -13.447171
-5.240770 4.404546 -13.447171
-5.826228 3.594546 -13.447171
-6.287510 2.707934 -13.447171
-6.614785 1.763608 -13.447171
-6.801077 0.781693 -13.447171
-6.842416 -0.216882 -13.447171
-6.737921 -1.210834 -13.447171
-6.489818 -2.178980 -13.447171
-6.103397 -3.100684 -13.447171
-5.586892 -3.956303 -13.447171
-4.951312 -4.727600 -13.447171
-4.210204 -5.398137 -13.447171
-3.379362 -5.953621 -13.447171
-2.476495 -6.382215 -13.447171
-1.520846 -6.674783 -13.447171
-0.532783 -6.825089 -13.447171
0.466636 -6.829930 -13.447171
1.456109 -6.689203 -13.447171
2.414547 -6.405908 -13.447171
3.321524 -5.986082 -13.447171
4.157708 -5.438672 -13.447171
4.905278 -4.775347 -13.447171
5.548301 -4.010244 -13.447171
6.073071 -3.159669 -13.447171
6.468404 -2.241751 -13.447171
5.849979 -0.982196 -13.874622
5.931857 -0.005925 -13.874622
5.851929 0.970507 -13.874622
5.612376 1.920467 -13.874622
5.219733 2.818041 -13.874622
4.684708 3.638746 -13.874622
4.021897 4.360196 -13.874622
3.249378 4.962711 -13.874622
2.388226 5.429856 -13.874622
1.461928 5.748889 -13.874622
0.495754 5.911107 -13.874622
-0.483944 5.912086 -13.874622
-1.450441 5.751798 -13.874622
-2.377374 5.434616 -13.874622
-3.239458 4.969193 -13.874622
-4.013178 4.368222 -13.874622
-4.677430 3.648098 -13.874622
-5.214093 2.828463 -13.874622
-5.608529 1.931675 -13.874622
-5.849979 0.982196 -13.874622
-5.931857 0.005925 -13.874622
-5.851929 -0.970507 -13.874622
-5.612376 -1.920467 -13.874622
-5.219733 -2.818041 -13.874622
-4.684708 -3.638746 -13.874622
-4.021897 -4.360196 -13.874622
-3.249378 -4.962711 -13.874622
-2.388226 -5.429856 -13.874622
-1.461928 -5.748889 -13.874622
-0.495754 -5.911107 -13.874622
0.483944 -5.912086 -13.874622
1.450441 -5.751798 -13.874622
2.377374 -5.434616 -13.874622
3.239458 -4.969193 -13.874622
4.013178 -4.368222 -13.874622
4.677430 -3.648098 -13.874622
5.214093 -2.828463 -13.874622
5.608529 -1.931675 -13.874622
4.957346 -0.629677 -14.237989
4.982622 0.381118 -14.237989
4.803909 1.376311 -14.237989
4.428523 2.315158 -14.237989
3.871833 3.159221 -14.237989
3.156630 3.873946 -14.237989
2.312194 4.430071 -14.237989
1.373096 4.804829 -14.237989
0.377784 4.982876 -14.237989
-0.632995 4.956923 -14.237989
-1.617859 4.728034 -14.237989
-2.536487 4.305578 -14.237989
-3.351272 3.706851 -14.237989
-4.028855 2.956366 -14.237989
-4.541496 2.084847 -14.237989
-4.868208 1.127973 -14.237989
-4.995615 0.124920 -14.237989
-4.918500 -0.883246 -14.237989
-4.640022 -1.855253 -14.237989
-4.171581 -2.751306 -14.237989
-3.532355 -3.534719 -14.237989
-2.748513 -4.173421 -14.237989
-1.852148 -4.641263 -14.237989
-0.879955 -4.919090 -14.237989
0.128264 -4.995530 -14.237989
1.131231 -4.867452 -14.237989
2.087885 -4.540100 -14.237989
2.959061 -4.026875 -14.237989
3.709093 -3.348790 -14.237989
4.307275 -2.533605 -14.237989
4.729115 -1.614694 -14.237989
4.023840 -0.336641 -14.539171
3.987478 0.636109 -14.539171
3.719378 1.571891 -14.539171
3.235122 2.416320 -14.539171
2.562852 3.120322 -14.539171
1.741638 3.642982 -14.539171
0.819207 3.953924 -14.539171
-0.150834 4.035080 -14.539171
-1.112109 3.881731 -14.539171
-2.008752 3.502789 -14.539171
-2.788654 2.920279 -14.539171
-3.406489 2.168052 -14.539171
-3.826351 1.289827 -14.539171
-4.023840 0.336641 -14.539171
-3.987478 -0.636109 -14.539171
-3.719378 -1.571891 -14.539171
-3.235122 -2.416320 -14.539171
-2.562852 -3.120322 -14.539171
-1.741638 -3.642982 -14.539171
-0.819207 -3.953924 -14.539171
0.150834 -4.035080 -14.539171
1.112109 -3.881731 -14.539171
2.008752 -3.502789 -14.539171
2.788654 -2.920279 -14.539171
3.406489 -2.168052 -14.539171
3.826351 -1.289827 -14.539171
3.060081 0.036494 -14.775882
2.882428 1.028123 -14.775882
2.392419 1.908340 -14.775882
1.643154 2.581758 -14.775882
0.715828 2.975402 -14.775882
-0.289069 3.046616 -14.775882
-1.262641 2.787681 -14.775882
-2.099386 2.226658 -14.775882
-2.708630 1.424342 -14.775882
-3.024352 0.467676 -14.775882
-3.012339 -0.539669 -14.775882
-2.673892 -1.488533 -14.775882
-2.045687 -2.276092 -14.775882
-1.195800 -2.817000 -14.775882
-0.216330 -3.052643 -14.775882
0.786583 -2.957485 -14.775882
1.704257 -2.541837 -14.775882
2.437249 -1.850742 -14.775882
2.906127 -0.959090 -14.775882
2.052555 0.367721 -14.944695
1.646558 1.279471 -14.944695
0.863355 1.898109 -14.944695
-0.117632 2.081913 -14.944695
-1.071671 1.788776 -14.944695
-1.780203 1.085852 -14.944695
-2.080913 0.134173 -14.944695
-1.904910 -0.848244 -14.944695
-1.292515 -1.636339 -14.944695
-0.384021 -2.049568 -14.944695
0.612448 -1.993265 -14.944695
1.468612 -1.480330 -14.944695
1.988335 -0.628269 -14.944695
0.874448 0.632326 -15.050834
0.050837 1.077920 -15.050834
-0.811055 0.711818 -15.050834
-1.062207 -0.190297 -15.050834
-0.513495 -0.949115 -15.050834
0.421889 -0.993230 -15.050834
1.039582 -0.289422 -15.050834
0.000000 0.000000 -15.089470
