130 17.833010 50
126.656784 88.656753 128.945295
63.215093 110.310789 1.292948
23.087535 126.231765 127.002090
20.533699 83.440237 107.585326
62.690865 46.192411 40.426598
15.490903 66.173721 19.821492
56.508982 126.321004 104.752040
11.461690 17.484238 80.846387
18.422943 60.734164 106.646529
26.125991 82.923421 125.578145
100.469930 62.386100 86.111416
68.470569 45.860951 45.387368
106.467970 71.183557 99.949908
18.819649 89.189297 38.886816
91.500890 43.303548 112.317991
126.957666 39.779935 39.030483
87.746260 62.643934 25.593439
26.508958 19.132581 85.390464
47.393113 104.011403 44.989033
101.387798 63.497097 44.096193
61.429621 128.783717 41.864997
111.714771 66.783786 128.485025
90.355719 83.411425 78.639919
111.881386 85.286401 78.658394
124.653032 66.983052 41.813804
47.331449 45.056725 82.734156
103.879359 26.118453 90.847655
35.928600 107.732337 4.402172
105.933964 18.532056 129.880147
122.078483 122.011445 4.289390
66.170158 107.575042 18.331699
62.812617 82.784993 66.181609
18.994171 17.209609 23.984702
127.982843 107.793711 106.572365
20.669105 86.025729 41.966039
63.928580 87.836868 107.370841
108.182852 0.695654 64.723627
88.966170 129.527163 107.338099
62.121044 89.155905 47.342424
0.978737 122.719273 27.182136
44.386000 37.645894 128.442606
21.354171 43.974497 91.605476
4.308736 93.394616 112.609570
69.834294 81.637765 43.242329
20.185483 129.826739 17.052189
72.317428 126.982155 80.786376
52.458709 49.333503 108.109002
67.239100 26.520007 24.532336
7.325815 70.370825 109.804774
19.981363 68.760236 43.744924
