90 12.345930 50
87.685466 61.377752 89.269820
43.764295 76.369008 0.895118
15.983678 87.391222 87.924524
14.215638 57.766318 74.482149
43.401368 31.979361 27.987645
10.724471 45.812576 13.722571
39.121603 87.453003 72.520643
7.935016 12.104472 55.970575
12.754345 42.046729 73.832212
18.087225 57.408522 86.938716
69.556105 43.190377 59.615595
47.402701 31.749889 31.422024
73.708595 49.280924 69.196090
13.028988 61.746437 26.921642
63.346770 29.979380 77.758609
87.893769 27.539955 27.021104
60.747411 43.368878 17.718535
18.352356 13.245633 59.116475
32.810617 72.007895 31.146253
70.191552 43.959529 30.528134
42.528199 89.157958 28.983459
77.340995 46.234929 88.951171
62.553959 57.746371 54.443021
77.456344 59.044431 54.455811
86.298253 46.372882 28.948018
32.767926 31.193118 57.277492
71.916479 18.082006 62.894531
24.873646 74.583926 3.047657
73.338898 12.829885 89.917025
84.515873 84.469462 2.969578
45.810109 74.475029 12.691176
43.485658 57.312687 45.818037
13.149811 11.914345 16.604794
88.603507 74.626415 73.780868
14.309381 59.556274 29.053411
44.258248 60.810139 74.333659
74.895821 0.481607 44.808665
61.591964 89.672651 74.310992
43.006877 61.723319 32.775524
0.677587 84.959497 18.818402
30.728769 26.062542 88.921804
14.783657 30.443883 63.419175
2.982971 64.657811 77.960471
48.346819 56.518452 29.936997
13.974565 89.880050 11.805361
50.065911 87.910723 55.929029
36.317568 34.153964 74.844694
46.550146 18.360005 16.983925
5.071718 48.718263 76.018690
13.833252 47.603240 30.284948
