10.205792
1310
0.000000 0.000000 10.205792
0.971564 0.467881 10.148662
0.239957 1.051318 10.148662
-0.672343 0.843092 10.148662
-1.078355 0.000000 10.148662
-0.672343 -0.843092 10.148662
0.239957 -1.051318 10.148662
0.971564 -0.467881 10.148662
2.035729 0.229372 9.998069
1.648307 1.216506 9.998069
0.819223 1.877679 9.998069
-0.229372 2.035729 9.998069
-1.216506 1.648307 9.998069
-1.877679 0.819223 9.998069
-2.035729 -0.229372 9.998069
-1.648307 -1.216506 9.998069
-0.819223 -1.877679 9.998069
0.229372 -2.035729 9.998069
1.216506 -1.648307 9.998069
1.877679 -0.819223 9.998069
2.982867 -0.199930 9.758110
2.886165 0.779438 9.758110
2.476701 1.674342 9.758110
1.798849 2.387805 9.758110
0.926063 2.842512 9.758110
-0.047076 2.989190 9.758110
-1.015113 2.811942 9.758110
-1.873148 2.329976 9.758110
-2.528197 1.595522 9.758110
-2.909277 0.688167 9.758110
-2.975092 -0.293760 9.758110
-2.718510 -1.243854 9.758110
-2.167335 -2.059158 9.758110
-1.381295 -2.651319 9.758110
-0.445571 -2.956169 9.758110
0.538438 -2.940672 9.758110
1.464099 -2.606508 9.758110
2.231102 -1.989888 9.758110
2.756330 -1.157633 9.758110
3.900985 -0.548457 9.414866
3.914824 0.438910 9.414866
3.682680 1.398698 9.414866
3.219140 2.270600 9.414866
2.553329 2.999833 9.414866
1.727084 3.540575 9.414866
0.792319 3.858849 9.414866
-0.192230 3.934658 9.414866
-1.164700 3.763238 9.414866
-2.063988 3.355360 9.414866
-2.833589 2.736652 9.414866
-3.425144 1.945990 9.414866
-3.801485 1.033055 9.414866
-3.938964 0.055209 9.414866
-3.828944 -0.926106 9.414866
-3.478338 -1.849231 9.414866
-2.909174 -2.656161 9.414866
-2.157217 -3.296195 9.414866
-1.269714 -3.729117 9.414866
-0.302429 -3.927725 9.414866
0.683858 -3.879540 9.414866
1.627175 -3.587588 9.414866
2.468251 -3.070216 9.414866
3.154238 -2.359930 9.414866
3.642033 -1.501361 9.414866
4.770691 -0.889178 8.978199
4.852025 0.089356 8.978199
4.734717 1.064233 8.978199
4.423568 1.995539 8.978199
3.931318 2.845148 8.978199
3.278120 3.578276 8.978199
2.490715 4.164910 8.978199
1.601340 4.581031 8.978199
0.646405 4.809604 8.978199
-0.334993 4.841272 8.978199
-1.302676 4.674737 8.978199
-2.217028 4.316818 8.978199
-3.040615 3.782168 8.978199
-3.739718 3.092676 8.978199
-4.285717 2.276569 8.978199
-4.656258 1.367259 8.978199
-4.836171 0.401973 8.978199
-4.818091 -0.579769 8.978199
-4.602758 -1.537776 8.978199
-4.198987 -2.432826 8.978199
-3.623309 -3.228276 8.978199
-2.899293 -3.891559 8.978199
-2.056579 -4.395522 8.978199
-1.129669 -4.719532 8.978199
-0.156509 -4.850324 8.978199
0.823057 -4.782542 8.978199
1.768928 -4.518963 8.978199
2.642378 -4.070377 8.978199
3.407650 -3.455149 8.978199
4.033411 -2.698467 8.978199
4.494045 -1.831310 8.978199
5.585755 -1.158700 8.462561
5.702883 -0.142704 8.462561
5.636717 0.877878 8.462561
5.389381 1.870245 8.462561
4.968826 2.802501 8.462561
4.388569 3.644681 8.462561
3.667260 4.369719 8.462561
2.828082 4.954311 8.462561
1.898008 5.379666 8.462561
0.906929 5.632115 8.462561
-0.113298 5.703543 8.462561
-1.129885 5.591655 8.462561
-2.110156 5.300046 8.462561
-3.022604 4.838089 8.462561
-3.837904 4.220632 8.462561
-4.529850 3.467521 8.462561
-5.076203 2.602960 8.462561
-5.459403 1.654739 8.462561
-5.667133 0.653332 8.462561
-5.692717 -0.369073 8.462561
-5.535332 -1.379616 8.462561
-5.200037 -2.345816 8.462561
-4.697609 -3.236621 8.462561
-4.044196 -4.023397 8.462561
-3.260798 -4.680859 8.462561
-2.372596 -5.187873 8.462561
-1.408137 -5.528146 8.462561
-0.398419 -5.690739 8.462561
0.624104 -5.670427 8.462561
1.626568 -5.467862 8.462561
2.576753 -5.089557 8.462561
3.444119 -4.547668 8.462561
4.200788 -3.859614 8.462561
4.822441 -3.047509 8.462561
5.289096 -2.137454 8.462561
6.328351 -1.472528 7.870313
6.478965 -0.489253 7.870313
6.477719 0.505490 7.870313
6.324640 1.488385 7.870313
6.023317 2.436394 7.870313
5.580812 3.327295 7.870313
5.007498 4.140208 7.870313
4.316813 4.856077 7.870313
3.524945 5.458125 7.870313
2.650455 5.932238 7.870313
1.713841 6.267305 7.870313
0.737056 6.455471 7.870313
-0.257005 6.492327 7.870313
-1.245042 6.377008 7.870313
-2.203897 6.112217 7.870313
-3.111093 5.704161 7.870313
-3.945369 5.162405 7.870313
-4.687168 4.499646 7.870313
-5.319104 3.731419 7.870313
-5.826365 2.875731 7.870313
-6.197061 1.952638 7.870313
-6.422503 0.983777 7.870313
-6.497407 -0.008143 7.870313
-6.420017 -0.999872 7.870313
-6.192147 -1.968165 7.870313
-5.819139 -2.890325 7.870313
-5.309735 -3.744739 7.870313
-4.675875 -4.511380 7.870313
-3.932417 -5.172278 7.870313
-3.096787 -5.711941 7.870313
-2.188570 -6.117722 7.870313
-1.229055 -6.380109 7.870313
-0.240732 -6.492951 7.870313
0.753234 -6.453604 7.870313
1.729544 -6.262989 7.870313
2.665316 -5.925576 7.870313
3.538614 -5.449272 7.870313
4.328971 -4.845242 7.870313
5.017860 -4.127644 7.870313
5.589134 -3.313297 7.870313
6.029405 -2.421289 7.870313
7.027453 -1.746656 7.191821
7.199836 -0.773483 7.191821
7.238098 0.214099 7.191821
7.141529 1.197693 7.191821
6.911927 2.158975 7.191821
6.553568 3.080041 7.191821
6.073129 3.943730 7.191821
5.479559 4.733956 7.191821
4.783915 5.435997 7.191821
3.999156 6.036775 7.191821
3.139900 6.525100 7.191821
2.222154 6.891875 7.191821
1.263013 7.130267 7.191821
0.280345 7.235835 7.191821
-0.707545 7.206614 7.191821
-1.682256 7.043147 7.191821
-2.625629 6.748480 7.191821
-3.520092 6.328101 7.191821
-4.348982 5.789842 7.191821
-5.096858 5.143729 7.191821
-5.749790 4.401797 7.191821
-6.295614 3.577869 7.191821
-6.724163 2.687292 7.191821
-7.027453 1.746656 7.191821
-7.199836 0.773483 7.191821
-7.238098 -0.214099 7.191821
-7.141529 -1.197693 7.191821
-6.911927 -2.158975 7.191821
-6.553568 -3.080041 7.191821
-6.073129 -3.943730 7.191821
-5.479559 -4.733956 7.191821
-4.783915 -5.435997 7.191821
-3.999156 -6.036775 7.191821
-3.139900 -6.525100 7.191821
-2.222154 -6.891875 7.191821
-1.263013 -7.130267 7.191821
-0.280345 -7.235835 7.191821
0.707545 -7.206614 7.191821
1.682256 -7.043147 7.191821
2.625629 -6.748480 7.191821
3.520092 -6.328101 7.191821
4.348982 -5.789842 7.191821
5.096858 -5.143729 7.191821
5.749790 -4.401797 7.191821
6.295614 -3.577869 7.191821
6.724163 -2.687292 7.191821
7.661876 -1.961133 6.450411
7.849756 -0.965253 6.450411
7.908743 0.046476 6.450411
7.837869 1.057442 6.450411
7.638298 2.051045 6.450411
7.313306 3.010970 6.450411
6.868229 3.921455 6.450411
6.310377 4.767549 6.450411
5.648908 5.535361 6.450411
4.894684 6.212282 6.450411
4.060090 6.787198 6.450411
3.158829 7.250668 6.450411
2.205700 7.595082 6.450411
1.216354 7.814785 6.450411
0.207035 7.906170 6.450411
-0.805683 7.867735 6.450411
-1.805172 7.700113 6.450411
-2.775020 7.406055 6.450411
-3.699303 6.990389 6.450411
-4.562842 6.459942 6.450411
-5.351461 5.823423 6.450411
-6.052208 5.091283 6.450411
-6.653578 4.275544 6.450411
-7.145697 3.389601 6.450411
-7.520483 2.448001 6.450411
-7.771784 1.466205 6.450411
-7.895472 0.460334 6.450411
-7.889516 -0.553096 6.450411
-7.754015 -1.557444 6.450411
-7.491193 -2.536219 6.450411
-7.105366 -3.473349 6.450411
-6.602869 -4.353447 6.450411
-5.991953 -5.162061 6.450411
-5.282650 -5.885915 6.450411
-4.486605 -6.513122 6.450411
-3.616891 -7.033383 6.450411
-2.687787 -7.438157 6.450411
-1.714550 -7.720797 6.450411
-0.713160 -7.876661 6.450411
0.299940 -7.903190 6.450411
1.308115 -7.799950 6.450411
2.294811 -7.568634 6.450411
3.243826 -7.213042 6.450411
4.139578 -6.739012 6.450411
4.967358 -6.154327 6.450411
5.713573 -5.468589 6.450411
6.365973 -4.693056 6.450411
6.913843 -3.840463 6.450411
7.348188 -2.924811 6.450411
8.212410 -2.176308 5.654926
8.412167 -1.189725 5.654926
8.493835 -0.186441 5.654926
8.456269 0.819461 5.654926
8.299995 1.813859 5.654926
8.027207 2.782794 5.654926
7.641735 3.712665 5.654926
7.148990 4.590419 5.654926
6.555889 5.403733 5.654926
5.870757 6.141190 5.654926
5.103212 6.792439 5.654926
4.264030 7.348336 5.654926
3.364990 7.801079 5.654926
2.418713 8.144312 5.654926
1.438483 8.373217 5.654926
0.438060 8.484580 5.654926
-0.568513 8.476839 5.654926
-1.567106 8.350101 5.654926
-2.543699 8.106146 5.654926
-3.484585 7.748398 5.654926
-4.376554 7.281880 5.654926
-5.207087 6.713140 5.654926
-5.964523 6.050162 5.654926
-6.638231 5.302254 5.654926
-7.218752 4.479913 5.654926
-7.697938 3.594685 5.654926
-8.069061 2.658994 5.654926
-8.326913 1.685978 5.654926
-8.467873 0.689294 5.654926
-8.489963 -0.317067 5.654926
-8.392872 -1.318976 5.654926
-8.177964 -2.302370 5.654926
-7.848255 -3.253444 5.654926
-7.408374 -4.158846 5.654926
-6.864495 -5.005867 5.654926
-6.224254 -5.782617 5.654926
-5.496638 -6.478192 5.654926
-4.691862 -7.082827 5.654926
-3.821221 -7.588034 5.654926
-2.896940 -7.986723 5.654926
-1.931991 -8.273295 5.654926
-0.939922 -8.443728 5.654926
0.065342 -8.495630 5.654926
1.069688 -8.428272 5.654926
2.059019 -8.242599 5.654926
3.019445 -7.941219 5.654926
3.937485 -7.528361 5.654926
4.800251 -7.009821 5.654926
5.595632 -6.392879 5.654926
6.312463 -5.686195 5.654926
6.940681 -4.899689 5.654926
7.471467 -4.044402 5.654926
7.897369 -3.132341 5.654926
8.690518 -2.370845 4.797101
8.898585 -1.400427 4.797101
8.998635 -0.413010 4.797101
8.989454 0.579421 4.797101
8.871153 1.564818 4.797101
8.645168 2.531220 4.797101
8.314243 3.466897 4.797101
7.882394 4.360491 4.797101
7.354863 5.201154 4.797101
6.738055 5.978681 4.797101
6.039455 6.683636 4.797101
5.267545 7.307461 4.797101
4.431693 7.842583 4.797101
3.542048 8.282506 4.797101
2.609406 8.621891 4.797101
1.645090 8.856618 4.797101
0.660804 8.983838 4.797101
-0.331502 9.002006 4.797101
-1.319785 8.910902 4.797101
-2.292047 8.711632 4.797101
-3.236487 8.406614 4.797101
-4.141641 7.999551 4.797101
-4.996520 7.495385 4.797101
-5.790749 6.900235 4.797101
-6.514685 6.221325 4.797101
-7.159543 5.466897 4.797101
-7.717493 4.646108 4.797101
-8.181763 3.768922 4.797101
-8.546717 2.845986 4.797101
-8.807926 1.888503 4.797101
-8.962219 0.908097 4.797101
-9.007723 -0.083332 4.797101
-8.943885 -1.073750 4.797101
-8.771480 -2.051134 4.797101
-8.492601 -3.003620 4.797101
-8.110634 -3.919646 4.797101
-7.630215 -4.788093 4.797101
-7.057175 -5.598419 4.797101
-6.398471 -6.340787 4.797101
-5.662098 -7.006187 4.797101
-4.856994 -7.586542 4.797101
-3.992934 -8.074806 4.797101
-3.080404 -8.465053 4.797101
-2.130483 -8.752546 4.797101
-1.154700 -8.933794 4.797101
-0.164901 -9.006599 4.797101
0.826899 -8.970075 4.797101
1.808663 -8.824667 4.797101
2.768471 -8.572140 4.797101
3.694674 -8.215558 4.797101
4.576029 -7.759250 4.797101
5.401837 -7.208756 4.797101
6.162074 -6.570758 4.797101
6.847512 -5.852999 4.797101
7.449830 -5.064192 4.797101
7.961717 -4.213914 4.797101
8.376960 -3.312484 4.797101
9.094852 -2.508556 3.892172
9.309971 -1.527621 3.892172
9.419604 -0.529378 3.892172
9.422510 0.474864 3.892172
9.318655 1.473725 3.892172
9.109215 2.455888 3.892172
8.796565 3.410225 3.892172
8.384246 4.325923 3.892172
7.876930 5.192607 3.892172
7.280365 6.000456 3.892172
6.601311 6.740318 3.892172
5.847461 7.403809 3.892172
5.027358 7.983412 3.892172
4.150292 8.472559 3.892172
3.226202 8.865710 3.892172
2.265558 9.158408 3.892172
1.279244 9.347338 3.892172
0.278435 9.430359 3.892172
-0.725528 9.406530 3.892172
-1.721270 9.276121 3.892172
-2.697510 9.040610 3.892172
-3.643186 8.702665 3.892172
-4.547583 8.266116 3.892172
-5.400455 7.735908 3.892172
-6.192137 7.118050 3.892172
-6.913659 6.419541 3.892172
-7.556847 5.648296 3.892172
-8.114413 4.813053 3.892172
-8.580040 3.923277 3.892172
-8.948451 2.989049 3.892172
-9.215473 2.020953 3.892172
-9.378079 1.029959 3.892172
-9.434429 0.027296 3.892172
-9.383882 -0.975677 3.892172
-9.227012 -1.967595 3.892172
-8.965597 -2.937220 3.892172
-8.602598 -3.873564 3.892172
-8.142128 -4.766020 3.892172
-7.589404 -5.604475 3.892172
-6.950689 -6.379428 3.892172
-6.233221 -7.082101 3.892172
-5.445127 -7.704530 3.892172
-4.595338 -8.239664 3.892172
-3.693482 -8.681439 3.892172
-2.749777 -9.024850 3.892172
-1.774916 -9.266006 3.892172
-0.779945 -9.402174 3.892172
0.223863 -9.431812 3.892172
1.225135 -9.354583 3.892172
2.212526 -9.171364 3.892172
3.174848 -8.884229 3.892172
4.101197 -8.496433 3.892172
4.981079 -8.012368 3.892172
5.804522 -7.437520 3.892172
6.562199 -6.778402 3.892172
7.245522 -6.042482 3.892172
7.846752 -5.238099 3.892172
8.359074 -4.374365 3.892172
8.776685 -3.461068 3.892172
9.409812 -2.621965 2.956169
9.629532 -1.640542 2.956169
9.747176 -0.641729 2.956169
9.761498 0.363887 2.956169
9.672346 1.365645 2.956169
9.480664 2.352928 2.956169
9.188485 3.315268 2.956169
8.798906 4.242466 2.956169
8.316056 5.124693 2.956169
7.745054 5.952596 2.956169
7.091952 6.717401 2.956169
6.363674 7.410999 2.956169
5.567939 8.026039 2.956169
4.713183 8.556001 2.956169
3.808466 8.995268 2.956169
2.863378 9.339182 2.956169
1.887938 9.584099 2.956169
0.892485 9.727421 2.956169
-0.112428 9.767631 2.956169
-1.116150 9.704301 2.956169
-2.108040 9.538104 2.956169
-3.077585 9.270800 2.956169
-4.014506 8.905223 2.956169
-4.908872 8.445249 2.956169
-5.751204 7.895753 2.956169
-6.532571 7.262560 2.956169
-7.244691 6.552382 2.956169
-7.880016 5.772747 2.956169
-8.431810 4.931920 2.956169
-8.894226 4.038813 2.956169
-9.262360 3.102894 2.956169
-9.532311 2.134083 2.956169
-9.701217 1.142650 2.956169
-9.767288 0.139105 2.956169
-9.729823 -0.865914 2.956169
-9.589219 -1.861755 2.956169
-9.346968 -2.837861 2.956169
-9.005636 -3.783884 2.956169
-8.568842 -4.689797 2.956169
-8.041217 -5.545998 2.956169
-7.428352 -6.343409 2.956169
-6.736745 -7.073579 2.956169
-5.973727 -7.728767 2.956169
-5.147386 -8.302028 2.956169
-4.266482 -8.787286 2.956169
-3.340351 -9.179396 2.956169
-2.378812 -9.474202 2.956169
-1.392057 -9.668580 2.956169
-0.390546 -9.760468 2.956169
0.615105 -9.748892 2.956169
1.614235 -9.633976 2.956169
2.596255 -9.416938 2.956169
3.550753 -9.100077 2.956169
4.467613 -8.686754 2.956169
5.337115 -8.181349 2.956169
6.150042 -7.589219 2.956169
6.897777 -6.916642 2.956169
7.572394 -6.170746 2.956169
8.166741 -5.359440 2.956169
8.674520 -4.491321 2.956169
9.090346 -3.575594 2.956169
9.636137 -2.710513 1.989016
9.858132 -1.737594 1.989016
9.982154 -0.747407 1.989016
10.006968 0.250209 1.989016
9.932328 1.245338 1.989016
9.758976 2.228090 1.989016
9.488636 3.188698 1.989016
9.123993 4.117616 1.989016
8.668671 5.005611 1.989016
8.127197 5.843858 1.989016
7.504951 6.624026 1.989016
6.808117 7.338362 1.989016
6.043621 7.979765 1.989016
5.219061 8.541862 1.989016
4.342631 9.019066 1.989016
3.423043 9.406635 1.989016
2.469435 9.700716 1.989016
1.491284 9.898388 1.989016
0.498312 9.997684 1.989016
-0.499612 9.997619 1.989016
-1.492571 9.898194 1.989016
-2.470696 9.700395 1.989016
-3.424266 9.406190 1.989016
-4.343804 9.018502 1.989016
-5.220171 8.541184 1.989016
-6.044658 7.978979 1.989016
-6.809071 7.337476 1.989016
-7.505812 6.623050 1.989016
-8.127956 5.842801 1.989016
-8.669322 5.004484 1.989016
-9.124528 4.116430 1.989016
-9.489050 3.187465 1.989016
-9.759266 2.226821 1.989016
-9.932490 1.244047 1.989016
-10.007000 0.248908 1.989016
-9.982056 -0.748704 1.989016
-9.857906 -1.738875 1.989016
-9.635784 -2.711765 1.989016
-9.317897 -3.657704 1.989016
-8.907405 -4.567291 1.989016
-8.408386 -5.431486 1.989016
-7.825802 -6.241701 1.989016
-7.165441 -6.989883 1.989016
-6.433867 -7.668596 1.989016
-5.638350 -8.271095 1.989016
-4.786796 -8.791393 1.989016
-3.887670 -9.224317 1.989016
-2.949906 -9.565566 1.989016
-1.982824 -9.811749 1.989016
-0.996036 -9.960418 1.989016
0.000651 -10.010095 1.989016
0.997331 -9.960288 1.989016
1.984099 -9.811491 1.989016
2.951149 -9.565183 1.989016
3.888869 -9.223812 1.989016
4.787939 -8.790770 1.989016
5.639425 -8.270362 1.989016
6.434864 -7.667760 1.989016
7.166350 -6.988951 1.989016
7.826613 -6.240684 1.989016
8.409092 -5.430393 1.989016
8.907998 -4.566133 1.989016
9.318373 -3.656493 1.989016
9.775252 -2.757865 0.998411
9.998499 -1.786443 0.998411
10.125456 -0.797816 0.998411
10.154899 0.198494 0.998411
10.086544 1.192892 0.998411
9.921051 2.175802 0.998411
9.660012 3.137758 0.998411
9.305943 4.069496 0.998411
8.862252 4.962042 0.998411
8.333212 5.806801 0.998411
7.723920 6.595637 0.998411
7.040241 7.320954 0.998411
6.288762 7.975766 0.998411
5.476718 8.553767 0.998411
4.611930 9.049390 0.998411
3.702727 9.457863 0.998411
2.757865 9.775252 0.998411
1.786443 9.998499 0.998411
0.797816 10.125456 0.998411
-0.198494 10.154899 0.998411
-1.192892 10.086544 0.998411
-2.175802 9.921051 0.998411
-3.137758 9.660012 0.998411
-4.069496 9.305943 0.998411
-4.962042 8.862252 0.998411
-5.806801 8.333212 0.998411
-6.595637 7.723920 0.998411
-7.320954 7.040241 0.998411
-7.975766 6.288762 0.998411
-8.553767 5.476718 0.998411
-9.049390 4.611930 0.998411
-9.457863 3.702727 0.998411
-9.775252 2.757865 0.998411
-9.998499 1.786443 0.998411
-10.125456 0.797816 0.998411
-10.154899 -0.198494 0.998411
-10.086544 -1.192892 0.998411
-9.921051 -2.175802 0.998411
-9.660012 -3.137758 0.998411
-9.305943 -4.069496 0.998411
-8.862252 -4.962042 0.998411
-8.333212 -5.806801 0.998411
-7.723920 -6.595637 0.998411
-7.040241 -7.320954 0.998411
-6.288762 -7.975766 0.998411
-5.476718 -8.553767 0.998411
-4.611930 -9.049390 0.998411
-3.702727 -9.457863 0.998411
-2.757865 -9.775252 0.998411
-1.786443 -9.998499 0.998411
-0.797816 -10.125456 0.998411
0.198494 -10.154899 0.998411
1.192892 -10.086544 0.998411
2.175802 -9.921051 0.998411
3.137758 -9.660012 0.998411
4.069496 -9.305943 0.998411
4.962042 -8.862252 0.998411
5.806801 -8.333212 0.998411
6.595637 -7.723920 0.998411
7.320954 -7.040241 0.998411
7.975766 -6.288762 0.998411
8.553767 -5.476718 0.998411
9.049390 -4.611930 0.998411
9.457863 -3.702727 0.998411
9.946509 -2.285858 0.000000
10.122667 -1.299923 0.000000
10.201338 -0.301469 0.000000
10.181765 0.699889 0.000000
10.064136 1.694506 0.000000
9.849584 2.672805 0.000000
9.540175 3.625363 0.000000
9.138889 4.543006 0.000000
8.649590 5.416898 0.000000
8.076991 6.238622 0.000000
7.426606 7.000265 0.000000
6.704699 7.694492 0.000000
5.918222 8.314616 0.000000
5.074749 8.854666 0.000000
4.182404 9.309441 0.000000
3.249780 9.674561 0.000000
2.285858 9.946509 0.000000
1.299923 10.122667 0.000000
0.301469 10.201338 0.000000
-0.699889 10.181765 0.000000
-1.694506 10.064136 0.000000
-2.672805 9.849584 0.000000
-3.625363 9.540175 0.000000
-4.543006 9.138889 0.000000
-5.416898 8.649590 0.000000
-6.238622 8.076991 0.000000
-7.000265 7.426606 0.000000
-7.694492 6.704699 0.000000
-8.314616 5.918222 0.000000
-8.854666 5.074749 0.000000
-9.309441 4.182404 0.000000
-9.674561 3.249780 0.000000
-9.946509 2.285858 0.000000
-10.122667 1.299923 0.000000
-10.201338 0.301469 0.000000
-10.181765 -0.699889 0.000000
-10.064136 -1.694506 0.000000
-9.849584 -2.672805 0.000000
-9.540175 -3.625363 0.000000
-9.138889 -4.543006 0.000000
-8.649590 -5.416898 0.000000
-8.076991 -6.238622 0.000000
-7.426606 -7.000265 0.000000
-6.704699 -7.694492 0.000000
-5.918222 -8.314616 0.000000
-5.074749 -8.854666 0.000000
-4.182404 -9.309441 0.000000
-3.249780 -9.674561 0.000000
-2.285858 -9.946509 0.000000
-1.299923 -10.122667 0.000000
-0.301469 -10.201338 0.000000
0.699889 -10.181765 0.000000
1.694506 -10.064136 0.000000
2.672805 -9.849584 0.000000
3.625363 -9.540175 0.000000
4.543006 -9.138889 0.000000
5.416898 -8.649590 0.000000
6.238622 -8.076991 0.000000
7.000265 -7.426606 0.000000
7.694492 -6.704699 0.000000
8.314616 -5.918222 0.000000
8.854666 -5.074749 0.000000
9.309441 -4.182404 0.000000
9.674561 -3.249780 0.000000
9.998499 -1.786443 -0.998411
10.125456 -0.797816 -0.998411
10.154899 0.198494 -0.998411
10.086544 1.192892 -0.998411
9.921051 2.175802 -0.998411
9.660012 3.137758 -0.998411
9.305943 4.069496 -0.998411
8.862252 4.962042 -0.998411
8.333212 5.806801 -0.998411
7.723920 6.595637 -0.998411
7.040241 7.320954 -0.998411
6.288762 7.975766 -0.998411
5.476718 8.553767 -0.998411
4.611930 9.049390 -0.998411
3.702727 9.457863 -0.998411
2.757865 9.775252 -0.998411
1.786443 9.998499 -0.998411
0.797816 10.125456 -0.998411
-0.198494 10.154899 -0.998411
-1.192892 10.086544 -0.998411
-2.175802 9.921051 -0.998411
-3.137758 9.660012 -0.998411
-4.069496 9.305943 -0.998411
-4.962042 8.862252 -0.998411
-5.806801 8.333212 -0.998411
-6.595637 7.723920 -0.998411
-7.320954 7.040241 -0.998411
-7.975766 6.288762 -0.998411
-8.553767 5.476718 -0.998411
-9.049390 4.611930 -0.998411
-9.457863 3.702727 -0.998411
-9.775252 2.757865 -0.998411
-9.998499 1.786443 -0.998411
-10.125456 0.797816 -0.998411
-10.154899 -0.198494 -0.998411
-10.086544 -1.192892 -0.998411
-9.921051 -2.175802 -0.998411
-9.660012 -3.137758 -0.998411
-9.305943 -4.069496 -0.998411
-8.862252 -4.962042 -0.998411
-8.333212 -5.806801 -0.998411
-7.723920 -6.595637 -0.998411
-7.040241 -7.320954 -0.998411
-6.288762 -7.975766 -0.998411
-5.476718 -8.553767 -0.998411
-4.611930 -9.049390 -0.998411
-3.702727 -9.457863 -0.998411
-2.757865 -9.775252 -0.998411
-1.786443 -9.998499 -0.998411
-0.797816 -10.125456 -0.998411
0.198494 -10.154899 -0.998411
1.192892 -10.086544 -0.998411
2.175802 -9.921051 -0.998411
3.137758 -9.660012 -0.998411
4.069496 -9.305943 -0.998411
4.962042 -8.862252 -0.998411
5.806801 -8.333212 -0.998411
6.595637 -7.723920 -0.998411
7.320954 -7.040241 -0.998411
7.975766 -6.288762 -0.998411
8.553767 -5.476718 -0.998411
9.049390 -4.611930 -0.998411
9.457863 -3.702727 -0.998411
9.775252 -2.757865 -0.998411
9.858132 -1.737594 -1.989016
9.982154 -0.747407 -1.989016
10.006968 0.250209 -1.989016
9.932328 1.245338 -1.989016
9.758976 2.228090 -1.989016
9.488636 3.188698 -1.989016
9.123993 4.117616 -1.989016
8.668671 5.005611 -1.989016
8.127197 5.843858 -1.989016
7.504951 6.624026 -1.989016
6.808117 7.338362 -1.989016
6.043621 7.979765 -1.989016
5.219061 8.541862 -1.989016
4.342631 9.019066 -1.989016
3.423043 9.406635 -1.989016
2.469435 9.700716 -1.989016
1.491284 9.898388 -1.989016
0.498312 9.997684 -1.989016
-0.499612 9.997619 -1.989016
-1.492571 9.898194 -1.989016
-2.470696 9.700395 -1.989016
-3.424266 9.406190 -1.989016
-4.343804 9.018502 -1.989016
-5.220171 8.541184 -1.989016
-6.044658 7.978979 -1.989016
-6.809071 7.337476 -1.989016
-7.505812 6.623050 -1.989016
-8.127956 5.842801 -1.989016
-8.669322 5.004484 -1.989016
-9.124528 4.116430 -1.989016
-9.489050 3.187465 -1.989016
-9.759266 2.226821 -1.989016
-9.932490 1.244047 -1.989016
-10.007000 0.248908 -1.989016
-9.982056 -0.748704 -1.989016
-9.857906 -1.738875 -1.989016
-9.635784 -2.711765 -1.989016
-9.317897 -3.657704 -1.989016
-8.907405 -4.567291 -1.989016
-8.408386 -5.431486 -1.989016
-7.825802 -6.241701 -1.989016
-7.165441 -6.989883 -1.989016
-6.433867 -7.668596 -1.989016
-5.638350 -8.271095 -1.989016
-4.786796 -8.791393 -1.989016
-3.887670 -9.224317 -1.989016
-2.949906 -9.565566 -1.989016
-1.982824 -9.811749 -1.989016
-0.996036 -9.960418 -1.989016
0.000651 -10.010095 -1.989016
0.997331 -9.960288 -1.989016
1.984099 -9.811491 -1.989016
2.951149 -9.565183 -1.989016
3.888869 -9.223812 -1.989016
4.787939 -8.790770 -1.989016
5.639425 -8.270362 -1.989016
6.434864 -7.667760 -1.989016
7.166350 -6.988951 -1.989016
7.826613 -6.240684 -1.989016
8.409092 -5.430393 -1.989016
8.907998 -4.566133 -1.989016
9.318373 -3.656493 -1.989016
9.636137 -2.710513 -1.989016
9.626837 -1.656283 -2.956169
9.746114 -0.657664 -2.956169
9.762080 0.347927 -2.956169
9.674566 1.349830 -2.956169
9.484498 2.337424 -2.956169
9.193893 3.300241 -2.956169
8.805830 4.228074 -2.956169
8.324423 5.111089 -2.956169
7.754776 5.939925 -2.956169
7.102925 6.705797 -2.956169
6.375782 7.400585 -2.956169
5.581054 8.016925 -2.956169
4.727166 8.548284 -2.956169
3.823168 8.989029 -2.956169
2.878644 9.334488 -2.956169
1.903605 9.580999 -2.956169
0.908388 9.725949 -2.956169
-0.096458 9.767802 -2.956169
-1.100282 9.706113 -2.956169
-2.092443 9.541538 -2.956169
-3.062423 9.275819 -2.956169
-3.999941 8.911775 -2.956169
-4.895058 8.453263 -2.956169
-5.738287 7.905145 -2.956169
-6.520688 7.273231 -2.956169
-7.233968 6.564218 -2.956169
-7.870567 5.785623 -2.956169
-8.423735 4.945699 -2.956169
-8.887610 4.053349 -2.956169
-9.257274 3.118033 -2.956169
-9.528809 2.149665 -2.956169
-9.699336 1.158510 -2.956169
-9.767047 0.155074 -2.956169
-9.731225 -0.850005 -2.956169
-9.592250 -1.846074 -2.956169
-9.351595 -2.822575 -2.956169
-9.011810 -3.769155 -2.956169
-8.576498 -4.675781 -2.956169
-8.050273 -5.532843 -2.956169
-7.438714 -6.331256 -2.956169
-6.748301 -7.062555 -2.956169
-5.986356 -7.718990 -2.956169
-5.160953 -8.293601 -2.956169
-4.280843 -8.780299 -2.956169
-3.355355 -9.173922 -2.956169
-2.394299 -9.470300 -2.956169
-1.407863 -9.666291 -2.956169
-0.406504 -9.759816 -2.956169
0.599165 -9.749885 -2.956169
1.598482 -9.636603 -2.956169
2.580855 -9.421170 -2.956169
3.535870 -9.105871 -2.956169
4.453404 -8.694047 -2.956169
5.323731 -8.190064 -2.956169
6.137625 -7.599264 -2.956169
6.886459 -6.927910 -2.956169
7.562295 -6.183119 -2.956169
8.157968 -5.372785 -2.956169
8.667165 -4.505498 -2.956169
9.084488 -3.590452 -2.956169
9.405512 -2.637346 -2.956169
9.304753 -1.559088 -3.892172
9.417761 -0.561220 -3.892172
9.424061 0.443006 -3.892172
9.323584 1.442212 -3.892172
9.117466 2.425078 -3.892172
8.808044 3.380467 -3.892172
8.398823 4.297553 -3.892172
7.894440 5.165947 -3.892172
7.300610 5.975808 -3.892172
6.624061 6.717962 -3.892172
5.872459 7.383997 -3.892172
5.054319 7.966370 -3.892172
4.178912 8.458480 -3.892172
3.256156 8.854752 -3.892172
2.296507 9.150696 -3.892172
1.310838 9.342960 -3.892172
0.310316 9.429363 -3.892172
-0.693722 9.408929 -3.892172
-1.689900 9.281887 -3.892172
-2.666930 9.049678 -3.892172
-3.613743 8.714932 -3.892172
-4.519611 8.281443 -3.892172
-5.374270 7.754122 -3.892172
-6.168037 7.138943 -3.892172
-6.891917 6.442878 -3.892172
-7.537709 5.673812 -3.892172
-8.098095 4.840459 -3.892172
-8.566727 3.952262 -3.892172
-8.938295 3.019284 -3.892172
-9.208588 2.052097 -3.892172
-9.374544 1.061659 -3.892172
-9.434282 0.059191 -3.892172
-9.387127 -0.943947 -3.892172
-9.233612 -1.936390 -3.892172
-8.975476 -2.906892 -3.892172
-8.615644 -3.844459 -3.892172
-8.158194 -4.738466 -3.892172
-7.608308 -5.578785 -3.892172
-6.972217 -6.355893 -3.892172
-6.257128 -7.060987 -3.892172
-5.471143 -7.686077 -3.892172
-4.623168 -8.224081 -3.892172
-3.722811 -8.668902 -3.892172
-2.780272 -9.015502 -3.892172
-1.806232 -9.259952 -3.892172
-0.811727 -9.399483 -3.892172
0.191975 -9.432515 -3.892172
1.193503 -9.358672 -3.892172
2.181507 -9.178792 -3.892172
3.144794 -8.894912 -3.892172
4.072449 -8.510249 -3.892172
4.953962 -8.029162 -3.892172
5.779345 -7.457102 -3.892172
6.539245 -6.800549 -3.892172
7.225053 -6.066943 -3.892172
7.828998 -5.264597 -3.892172
8.344237 -4.402600 -3.892172
8.764933 -3.490721 -3.892172
9.086319 -2.539290 -3.892172
8.891112 -1.447117 -4.797101
8.996343 -0.460238 -4.797101
8.992372 0.532227 -4.797101
8.879245 1.518231 -4.797101
8.658336 2.485806 -4.797101
8.332326 3.423207 -4.797101
7.905174 4.319055 -4.797101
7.382063 5.162476 -4.797101
6.769344 5.943230 -4.797101
6.074455 6.651843 -4.797101
5.305830 7.279710 -4.797101
4.472799 7.819212 -4.797101
3.585474 8.263800 -4.797101
2.654627 8.608076 -4.797101
1.691556 8.847861 -4.797101
0.707952 8.980246 -4.797101
-0.284246 9.003622 -4.797101
-1.272993 8.917707 -4.797101
-2.246288 8.723543 -4.797101
-3.192316 8.423487 -4.797101
-4.099593 8.021181 -4.797101
-4.957107 7.521509 -4.797101
-5.754449 6.930536 -4.797101
-6.481939 6.255436 -4.797101
-7.130748 5.504403 -4.797101
-7.692998 4.686554 -4.797101
-8.161867 3.811816 -4.797101
-8.531661 2.890809 -4.797101
-8.797892 1.934711 -4.797101
-8.957329 0.955128 -4.797101
-9.008036 -0.036049 -4.797101
-8.949398 -1.026788 -4.797101
-8.782126 -2.005063 -4.797101
-8.508251 -2.959000 -4.797101
-8.131097 -3.877018 -4.797101
-7.655243 -4.747975 -4.797101
-7.086464 -5.561298 -4.797101
-6.431666 -6.307114 -4.797101
-5.698796 -6.976370 -4.797101
-4.896750 -7.560943 -4.797101
-4.035264 -8.053735 -4.797101
-3.124796 -8.448767 -4.797101
-2.176396 -8.741242 -4.797101
-1.201579 -8.927610 -4.797101
-0.212175 -9.005609 -4.797101
0.779803 -8.974292 -4.797101
1.762316 -8.834039 -4.797101
2.723437 -8.586553 -4.797101
3.651499 -8.234838 -4.797101
4.535237 -7.783164 -4.797101
5.363923 -7.237012 -4.797101
6.127499 -6.603012 -4.797101
6.816695 -5.888861 -4.797101
7.423145 -5.103227 -4.797101
7.939488 -4.255647 -4.797101
8.359457 -3.356409 -4.797101
8.677954 -2.416429 -4.797101
8.397944 -1.286289 -5.654926
8.491133 -0.284009 -5.654926
8.465125 0.722258 -5.654926
8.320286 1.718386 -5.654926
8.058647 2.690391 -5.654926
7.683883 3.624629 -5.654926
7.201255 4.507985 -5.654926
6.617536 5.328060 -5.654926
5.940922 6.073339 -5.654926
5.180910 6.733363 -5.654926
4.348169 7.298865 -5.654926
3.454390 7.761906 -5.654926
2.512119 8.115988 -5.654926
1.534583 8.356139 -5.654926
0.535505 8.478988 -5.654926
-0.471091 8.482810 -5.654926
-1.471073 8.367553 -5.654926
-2.450405 8.134834 -5.654926
-3.395338 7.787919 -5.654926
-4.292609 7.331679 -5.654926
-5.129620 6.772518 -5.654926
-5.894623 6.118286 -5.654926
-6.576878 5.378166 -5.654926
-7.166809 4.562549 -5.654926
-7.656133 3.682884 -5.654926
-8.037981 2.751519 -5.654926
-8.306994 1.781529 -5.654926
-8.459395 0.786530 -5.654926
-8.493045 -0.219510 -5.654926
-8.407471 -1.222469 -5.654926
-8.203875 -2.208267 -5.654926
-7.885114 -3.163065 -5.654926
-7.455663 -4.073461 -5.654926
-6.921551 -4.926675 -5.654926
-6.290276 -5.710729 -5.654926
-5.570699 -6.414617 -5.654926
-4.772922 -7.028458 -5.654926
-3.908143 -7.543634 -5.654926
-2.988503 -7.952915 -5.654926
-2.026910 -8.250554 -5.654926
-1.036865 -8.432373 -5.654926
-0.032264 -8.495820 -5.654926
0.972791 -8.440005 -5.654926
1.964189 -8.265710 -5.654926
2.928014 -7.975383 -5.654926
3.850736 -7.573099 -5.654926
4.719403 -7.064505 -5.654926
5.521819 -6.456742 -5.654926
6.246721 -5.758339 -5.654926
6.883933 -4.979102 -5.654926
7.424510 -4.129970 -5.654926
7.860863 -3.222862 -5.654926
8.186866 -2.270512 -5.654926
7.830282 -1.112233 -6.450411
7.908225 -0.101787 -6.450411
7.856315 0.910330 -6.450411
7.675404 1.907499 -6.450411
7.368463 2.873348 -6.450411
6.940533 3.792016 -6.450411
6.398639 4.648419 -6.450411
5.751680 5.428495 -6.450411
5.010278 6.119436 -6.450411
4.186607 6.709896 -6.450411
3.294193 7.190179 -6.450411
2.347688 7.552400 -6.450411
1.362634 7.790610 -6.450411
0.355206 7.900899 -6.450411
-0.658055 7.881456 -6.450411
-1.660511 7.732599 -6.450411
-2.635701 7.456773 -6.450411
-3.567613 7.058507 -6.450411
-4.440944 6.544341 -6.450411
-5.241356 5.922716 -6.450411
-5.955705 5.203841 -6.450411
-6.572261 4.399519 -6.450411
-7.080901 3.522957 -6.450411
-7.473272 2.588548 -6.450411
-7.742933 1.611635 -6.450411
-7.885455 0.608260 -6.450411
-7.898498 -0.405104 -6.450411
-7.781848 -1.411816 -6.450411
-7.537420 -2.395345 -6.450411
-7.169228 -3.339543 -6.450411
-6.683318 -4.228906 -6.450411
-6.087667 -5.048831 -6.450411
-5.392057 -5.785853 -6.450411
-4.607910 -6.427873 -6.450411
-3.748101 -6.964346 -6.450411
-2.826748 -7.386466 -6.450411
-1.858981 -7.687299 -6.450411
-0.860688 -7.861908 -6.450411
0.151736 -7.907424 -6.450411
1.161670 -7.823101 -6.450411
2.152528 -7.610322 -6.450411
3.108042 -7.272582 -6.450411
4.012523 -6.815427 -6.450411
4.851117 -6.246362 -6.450411
5.610057 -5.574733 -6.450411
6.276879 -4.811566 -6.450411
6.840636 -3.969394 -6.450411
7.292069 -3.062044 -6.450411
7.623767 -2.104416 -6.450411
7.178895 -0.948351 -7.191821
7.241164 0.038008 -7.191821
7.168544 1.023660 -7.191821
6.962388 1.990242 -7.191821
6.626535 2.919750 -7.191821
6.167243 3.794868 -7.191821
5.593066 4.599295 -7.191821
4.914702 5.318046 -7.191821
4.144785 5.937732 -7.191821
3.297659 6.446809 -7.191821
2.389104 6.835795 -7.191821
1.436045 7.097442 -7.191821
0.456235 7.226877 -7.191821
-0.532074 7.221690 -7.191821
-1.510472 7.081976 -7.191821
-2.460732 6.810338 -7.191821
-3.365154 6.411836 -7.191821
-4.206889 5.893895 -7.191821
-4.970258 5.266161 -7.191821
-5.641040 4.540328 -7.191821
-6.206740 3.729918 -7.191821
-6.656820 2.850026 -7.191821
-6.982897 1.917044 -7.191821
-7.178895 0.948351 -7.191821
-7.241164 -0.038008 -7.191821
-7.168544 -1.023660 -7.191821
-6.962388 -1.990242 -7.191821
-6.626535 -2.919750 -7.191821
-6.167243 -3.794868 -7.191821
-5.593066 -4.599295 -7.191821
-4.914702 -5.318046 -7.191821
-4.144785 -5.937732 -7.191821
-3.297659 -6.446809 -7.191821
-2.389104 -6.835795 -7.191821
-1.436045 -7.097442 -7.191821
-0.456235 -7.226877 -7.191821
0.532074 -7.221690 -7.191821
1.510472 -7.081976 -7.191821
2.460732 -6.810338 -7.191821
3.365154 -6.411836 -7.191821
4.206889 -5.893895 -7.191821
4.970258 -5.266161 -7.191821
5.641040 -4.540328 -7.191821
6.206740 -3.729918 -7.191821
6.656820 -2.850026 -7.191821
6.982897 -1.917044 -7.191821
6.455959 -0.732768 -7.870313
6.492155 0.261317 -7.870313
6.376180 1.249277 -7.870313
6.110752 2.207956 -7.870313
5.702094 3.114881 -7.870313
5.159783 3.948797 -7.870313
4.496532 4.690156 -7.870313
3.727885 5.321582 -7.870313
2.871861 5.828274 -7.870313
1.948522 6.198356 -7.870313
0.979511 6.423155 -7.870313
-0.012458 6.497400 -7.870313
-1.004136 6.419351 -7.870313
-1.972277 6.190839 -7.870313
-2.894190 5.817218 -7.870313
-3.748265 5.307247 -7.870313
-4.514485 4.672878 -7.870313
-5.174888 3.928981 -7.870313
-5.713997 3.092992 -7.870313
-6.119174 2.184506 -7.870313
-6.380923 1.224817 -7.870313
-6.493109 0.236419 -7.870313
-6.453102 -0.757520 -7.870313
-6.261839 -1.733704 -7.870313
-5.923805 -2.669251 -7.870313
-5.446921 -3.542233 -7.870313
-4.842366 -4.332188 -7.870313
-4.124310 -5.020600 -7.870313
-3.309584 -5.591334 -7.870313
-2.417284 -6.031011 -7.870313
-1.468325 -6.329327 -7.870313
-0.484949 -6.479289 -7.870313
0.509793 -6.477382 -7.870313
1.492586 -6.323650 -7.870313
2.440394 -6.021697 -7.870313
3.331001 -5.578601 -7.870313
4.143533 -5.004747 -7.870313
4.858944 -4.313586 -7.870313
5.460465 -3.521319 -7.870313
5.933997 -2.646514 -7.870313
6.268442 -1.709678 -7.870313
5.684286 -0.481803 -8.462561
5.678967 0.540908 -8.462561
5.491121 1.546234 -8.462561
5.126785 2.501863 -8.462561
4.597671 3.377080 -8.462561
3.920784 4.143754 -8.462561
3.117879 4.777245 -8.462561
2.214763 5.257192 -8.462561
1.240463 5.568168 -8.462561
0.226294 5.700179 -8.462561
-0.795149 5.648981 -8.462561
-1.791035 5.416220 -8.462561
-2.729356 5.009377 -8.462561
-3.579953 4.441529 -8.462561
-4.315487 3.730927 -8.462561
-4.912318 2.900409 -8.462561
-5.351263 1.976670 -8.462561
-5.618214 0.989399 -8.462561
-5.704591 -0.029672 -8.462561
-5.607618 -1.047789 -8.462561
-5.330412 -2.032229 -8.462561
-4.881881 -2.951352 -8.462561
-4.276443 -3.775616 -8.462561
-3.533556 -4.478529 -8.462561
-2.677098 -5.037498 -8.462561
-1.734596 -5.434558 -8.462561
-0.736343 -5.656946 -8.462561
0.285577 -5.697516 -8.462561
1.298319 -5.554963 -8.462561
2.269331 -5.233869 -8.462561
3.167405 -4.744553 -8.462561
3.963677 -4.102744 -8.462561
4.632552 -3.329070 -8.462561
5.152533 -2.448396 -8.462561
5.506908 -1.489029 -8.462561
4.844547 -0.283726 -8.978199
4.802492 0.697282 -8.978199
4.563823 1.649743 -8.978199
4.138310 2.534664 -8.978199
3.543375 3.315815 -8.978199
2.803373 3.961216 -8.978199
1.948601 4.444445 -8.978199
1.014053 4.745717 -8.978199
0.037989 4.852699 -8.978199
-0.939629 4.761011 -8.978199
-1.878780 4.474407 -8.978199
-2.741013 4.004620 -8.978199
-3.491028 3.370884 -8.978199
-4.098120 2.599143 -8.978199
-4.537435 1.720993 -8.978199
-4.790987 0.772385 -8.978199
-4.848395 -0.207845 -8.978199
-4.707309 -1.179565 -8.978199
-4.373506 -2.102993 -8.978199
-3.860650 -2.940325 -8.978199
-3.189740 -3.657280 -8.978199
-2.388240 -4.224505 -8.978199
-1.488966 -4.618778 -8.978199
-0.528734 -4.823958 -8.978199
0.453145 -4.831645 -8.978199
1.416472 -4.641524 -8.978199
2.321809 -4.261378 -8.978199
3.132090 -3.706770 -8.978199
3.814143 -3.000407 -8.978199
4.340045 -2.171207 -8.978199
4.688265 -1.253118 -8.978199
3.939285 -0.022854 -9.414866
3.821209 0.957524 -9.414866
3.463032 1.877738 -9.414866
2.887260 2.679966 -9.414866
2.130071 3.313803 -9.414866
1.239042 3.739420 -9.414866
0.270159 3.930077 -9.414866
-0.715699 3.873792 -9.414866
-1.656587 3.574102 -9.414866
-2.493385 3.049839 -9.414866
-3.173515 2.333943 -9.414866
-3.654241 1.471397 -9.414866
-3.905358 0.516397 -9.414866
-3.911087 -0.471049 -9.414866
-3.671068 -1.428898 -9.414866
-3.200382 -2.296964 -9.414866
-2.528604 -3.020704 -9.414866
-1.697945 -3.554641 -9.414866
-0.760598 -3.865227 -9.414866
0.224541 -3.932947 -9.414866
1.195571 -3.753545 -9.414866
2.091478 -3.338294 -9.414866
2.855971 -2.713286 -9.414866
3.441012 -1.917792 -9.414866
3.809842 -1.001796 -9.414866
2.979956 0.239443 -9.758110
2.740747 1.194059 -9.758110
2.204535 2.019281 -9.758110
1.429428 2.625682 -9.758110
0.499420 2.947550 -9.758110
-0.484708 2.950005 -9.758110
-1.416310 2.632781 -9.758110
-2.194433 2.030254 -9.758110
-2.734755 1.207718 -9.758110
-2.978724 0.254307 -9.758110
-2.899902 -0.726662 -9.758110
-2.506831 -1.628886 -9.758110
-1.842105 -2.354595 -9.758110
-0.977759 -2.825147 -9.758110
-0.007458 -2.989551 -9.758110
0.963652 -2.829990 -9.758110
1.830335 -2.363756 -9.758110
2.498673 -1.641373 -9.758110
2.896241 -0.741121 -9.758110
1.964897 0.579643 -9.998069
1.411829 1.484434 -9.998069
0.480463 1.991472 -9.998069
-0.579643 1.964897 -9.998069
-1.484434 1.411829 -9.998069
-1.991472 0.480463 -9.998069
-1.964897 -0.579643 -9.998069
-1.411829 -1.484434 -9.998069
-0.480463 -1.991472 -9.998069
0.579643 -1.964897 -9.998069
1.484434 -1.411829 -9.998069
1.991472 -0.480463 -9.998069
0.825978 0.693261 -10.148662
-0.027024 1.078016 -10.148662
-0.859677 0.651004 -10.148662
-1.044975 -0.266228 -10.148662
-0.443386 -0.982985 -10.148662
0.492082 -0.959534 -10.148662
1.057002 -0.213535 -10.148662
0.000000 0.000000 -10.205792
