200 29.159407 50
194.856591 39.374521 165.836479
136.395004 40.783013 163.957485
198.377378 29.434739 31.798623
97.253990 131.369945 132.347276
169.708906 72.912481 64.563137
1.989151 160.017544 98.351661
35.519285 69.213896 135.133643
194.202715 155.981227 165.185909
195.387831 97.687841 166.435157
31.590307 67.840297 1.070237
128.369595 94.507109 99.574811
165.515886 198.128796 136.871031
96.447484 64.407687 199.272558
71.065247 171.868878 165.135538
62.194766 102.744286 95.570837
23.832158 197.669268 137.162930
101.805724 139.008799 72.834498
30.494603 128.325270 1.505750
86.936896 120.984491 188.798882
194.340007 172.125209 41.818671
161.156984 131.209847 68.286154
17.633370 121.012914 57.916760
26.898827 191.773895 197.604009
124.379057 103.050849 32.852571
28.342990 64.328929 67.653073
93.437175 72.817614 140.931501
164.071583 69.318039 6.628824
40.193833 127.283316 143.684025
127.574494 159.814398 173.245492
193.197146 40.182235 107.437376
154.569122 139.765623 125.596561
95.978615 55.274769 66.526660
132.479101 165.742057 31.054589
105.339336 6.772572 199.733445
70.555309 162.975329 26.234136
69.826720 28.510855 111.257581
163.796877 199.815611 195.357161
109.513165 187.813051 124.286732
153.769090 187.709915 80.705707
28.953307 6.599061 75.897697
137.214304 101.800242 166.321542
59.825871 165.500064 103.444770
140.770600 28.202614 40.800011
66.620844 96.634795 37.742056
172.796909 127.361527 11.270485
195.319487 101.817860 108.262808
61.199901 29.221801 168.930421
60.046897 26.476322 30.740559
134.994246 36.899542 105.784978
96.375283 196.896682 67.299884
