50
71.023782 49.714967 72.307083
35.448358 61.857637 0.725031
12.946516 70.785449 71.217415
11.514432 46.789765 60.329313
35.154393 25.902755 22.669531
8.686645 37.107431 11.115057
31.687854 70.835491 58.740525
6.427233 9.804423 45.335243
10.330810 34.057157 59.802875
14.650354 46.499957 70.418926
56.339299 34.983493 48.287650
38.395407 25.716887 25.451321
59.702747 39.916736 56.047693
10.553266 50.013596 21.806086
51.309839 24.282803 62.983192
71.192504 22.306910 21.886648
49.204401 35.128076 14.351721
14.865106 10.728744 47.883371
26.576059 58.325208 25.227952
56.854000 35.606494 24.727285
34.447140 72.216476 23.476124
62.644931 37.449530 72.048982
50.667676 46.773609 44.097950
62.738362 47.825016 44.108309
69.900162 37.561270 23.447417
26.541480 25.265911 46.393825
58.251163 14.646127 50.943533
20.147243 60.411750 2.468552
59.403299 10.391995 72.831308
68.456464 68.418872 2.405309
37.105433 60.323546 10.279644
35.222666 46.422332 37.111855
10.651130 9.650423 13.449609
71.767380 60.446166 59.761287
11.590362 48.239600 23.532784
35.848451 49.255210 60.209038
60.664380 0.390093 36.294280
49.888476 72.633369 60.190678
34.834861 49.994871 26.547634
0.548835 68.815792 15.242595
24.889797 21.110229 72.025195
11.974518 24.659043 51.368487
2.416157 52.371761 63.146697
39.160127 45.779015 24.248474
11.319167 72.801359 9.562148
40.552563 71.206236 45.301592
29.416631 27.664148 60.622968
37.704851 14.871301 13.756699
4.108008 39.460990 61.573885
11.204706 38.557840 24.530308
