12.345930
1917
0.000000 0.000000 12.345930
0.971901 0.468043 12.298713
0.240040 1.051683 12.298713
-0.672577 0.843384 12.298713
-1.078729 0.000000 12.298713
-0.672577 -0.843384 12.298713
0.240040 -1.051683 12.298713
0.971901 -0.468043 12.298713
2.038880 0.229727 12.174243
1.650859 1.218389 12.174243
0.820491 1.880585 12.174243
-0.229727 2.038880 12.174243
-1.218389 1.650859 12.174243
-1.880585 0.820491 12.174243
-2.038880 -0.229727 12.174243
-1.650859 -1.218389 12.174243
-0.820491 -1.880585 12.174243
0.229727 -2.038880 12.174243
1.218389 -1.650859 12.174243
1.880585 -0.820491 12.174243
2.993160 -0.200620 11.975923
2.896123 0.782127 11.975923
2.485247 1.680119 11.975923
1.805056 2.396044 11.975923
0.929259 2.852320 11.975923
-0.047238 2.999503 11.975923
-1.018616 2.821644 11.975923
-1.879611 2.338015 11.975923
-2.536921 1.601027 11.975923
-2.919316 0.690542 11.975923
-2.985358 -0.294774 11.975923
-2.727890 -1.248146 11.975923
-2.174813 -2.066263 11.975923
-1.386061 -2.660467 11.975923
-0.447108 -2.966369 11.975923
0.540296 -2.950819 11.975923
1.469151 -2.615502 11.975923
2.238800 -1.996754 11.975923
2.765841 -1.161627 11.975923
3.925438 -0.551894 11.692234
3.939363 0.441661 11.692234
3.705764 1.407465 11.692234
3.239319 2.284833 11.692234
2.569334 3.018637 11.692234
1.737910 3.562768 11.692234
0.797286 3.883038 11.692234
-0.193435 3.959322 11.692234
-1.172001 3.786827 11.692234
-2.076926 3.376392 11.692234
-2.851350 2.753806 11.692234
-3.446614 1.958188 11.692234
-3.825314 1.039530 11.692234
-3.963655 0.055555 11.692234
-3.852945 -0.931912 11.692234
-3.500141 -1.860822 11.692234
-2.927410 -2.672811 11.692234
-2.170739 -3.316857 11.692234
-1.277672 -3.752493 11.692234
-0.304325 -3.952345 11.692234
0.688144 -3.903858 11.692234
1.637375 -3.610076 11.692234
2.483723 -3.089461 11.692234
3.174010 -2.374723 11.692234
3.664862 -1.510772 11.692234
4.824734 -0.781696 11.337234
4.881826 0.238504 11.337234
4.725559 1.248281 11.337234
4.362762 2.203502 11.337234
3.809291 3.062419 11.337234
3.089336 3.787494 11.337234
2.234362 4.347038 11.337234
1.281736 4.716594 11.337234
0.273092 4.880013 11.337234
-0.747487 4.830152 11.337234
-1.735398 4.569191 11.337234
-2.647464 4.108533 11.337234
-3.443822 3.468313 11.337234
-4.089670 2.676511 11.337234
-4.556778 1.767733 11.337234
-4.824734 0.781696 11.337234
-4.881826 -0.238504 11.337234
-4.725559 -1.248281 11.337234
-4.362762 -2.203502 11.337234
-3.809291 -3.062419 11.337234
-3.089336 -3.787494 11.337234
-2.234362 -4.347038 11.337234
-1.281736 -4.716594 11.337234
-0.273092 -4.880013 11.337234
0.747487 -4.830152 11.337234
1.735398 -4.569191 11.337234
2.647464 -4.108533 11.337234
3.443822 -3.468313 11.337234
4.089670 -2.676511 11.337234
4.556778 -1.767733 11.337234
5.683428 -1.022918 10.912116
5.774712 -0.020461 10.912116
5.690534 0.982618 10.912116
5.433452 1.955841 10.912116
5.011278 2.869637 10.912116
4.436838 3.696240 10.912116
3.727587 4.410534 10.912116
2.905076 4.990817 10.912116
1.994295 5.419456 10.912116
1.022918 5.683428 10.912116
0.020461 5.774712 10.912116
-0.982618 5.690534 10.912116
-1.955841 5.433452 10.912116
-2.869637 5.011278 10.912116
-3.696240 4.436838 10.912116
-4.410534 3.727587 10.912116
-4.990817 2.905076 10.912116
-5.419456 1.994295 10.912116
-5.683428 1.022918 10.912116
-5.774712 0.020461 10.912116
-5.690534 -0.982618 10.912116
-5.433452 -1.955841 10.912116
-5.011278 -2.869637 10.912116
-4.436838 -3.696240 10.912116
-3.727587 -4.410534 10.912116
-2.905076 -4.990817 10.912116
-1.994295 -5.419456 10.912116
-1.022918 -5.683428 10.912116
-0.020461 -5.774712 10.912116
0.982618 -5.690534 10.912116
1.955841 -5.433452 10.912116
2.869637 -5.011278 10.912116
3.696240 -4.436838 10.912116
4.410534 -3.727587 10.912116
4.990817 -2.905076 10.912116
5.419456 -1.994295 10.912116
6.517762 -1.257164 10.409625
6.632335 -0.271700 10.409625
6.598752 0.719833 10.409625
6.417764 1.695286 10.409625
6.093414 2.632869 10.409625
5.632946 3.511638 10.409625
5.046648 4.311963 10.409625
4.347617 5.015966 10.409625
3.551467 5.607921 10.409625
2.675982 6.074603 10.409625
1.740721 6.405590 10.409625
0.766575 6.593485 10.409625
-0.224695 6.634094 10.409625
-1.210946 6.526507 10.409625
-2.170146 6.273130 10.409625
-3.080868 5.879621 10.409625
-3.922770 5.354770 10.409625
-4.677043 4.710304 10.409625
-5.326838 3.960616 10.409625
-5.857641 3.122455 10.409625
-6.257594 2.214544 10.409625
-6.517762 1.257164 10.409625
-6.632335 0.271700 10.409625
-6.598752 -0.719833 10.409625
-6.417764 -1.695286 10.409625
-6.093414 -2.632869 10.409625
-5.632946 -3.511638 10.409625
-5.046648 -4.311963 10.409625
-4.347617 -5.015966 10.409625
-3.551467 -5.607921 10.409625
-2.675982 -6.074603 10.409625
-1.740721 -6.405590 10.409625
-0.766575 -6.593485 10.409625
0.224695 -6.634094 10.409625
1.210946 -6.526507 10.409625
2.170146 -6.273130 10.409625
3.080868 -5.879621 10.409625
3.922770 -5.354770 10.409625
4.677043 -4.710304 10.409625
5.326838 -3.960616 10.409625
5.857641 -3.122455 10.409625
6.257594 -2.214544 10.409625
7.304618 -1.482995 9.842015
7.438517 -0.474537 9.842015
7.433850 0.542761 9.842015
7.290705 1.549948 9.842015
7.011748 2.528263 9.842015
6.602175 3.459481 9.842015
6.069616 4.326255 9.842015
5.423992 5.112439 9.842015
4.677329 5.803388 9.842015
3.843536 6.386231 9.842015
2.938145 6.850111 9.842015
1.978023 7.186386 9.842015
0.981053 7.388793 9.842015
-0.034192 7.453560 9.842015
-1.048799 7.379481 9.842015
-2.043870 7.167937 9.842015
-3.000867 6.822867 9.842015
-3.901964 6.350701 9.842015
-4.730375 5.760232 9.842015
-5.470667 5.062462 9.842015
-6.109052 4.270388 9.842015
-6.633636 3.398764 9.842015
-7.034648 2.463828 9.842015
-7.304618 1.482995 9.842015
-7.438517 0.474537 9.842015
-7.433850 -0.542761 9.842015
-7.290705 -1.549948 9.842015
-7.011748 -2.528263 9.842015
-6.602175 -3.459481 9.842015
-6.069616 -4.326255 9.842015
-5.423992 -5.112439 9.842015
-4.677329 -5.803388 9.842015
-3.843536 -6.386231 9.842015
-2.938145 -6.850111 9.842015
-1.978023 -7.186386 9.842015
-0.981053 -7.388793 9.842015
0.034192 -7.453560 9.842015
1.048799 -7.379481 9.842015
2.043870 -7.167937 9.842015
3.000867 -6.822867 9.842015
3.901964 -6.350701 9.842015
4.730375 -5.760232 9.842015
5.470667 -5.062462 9.842015
6.109052 -4.270388 9.842015
6.633636 -3.398764 9.842015
7.034648 -2.463828 9.842015
8.029546 -1.731185 9.216907
8.181428 -0.731326 9.216907
8.209289 0.279618 9.216907
8.112705 1.286325 9.216907
7.893140 2.273531 9.216907
7.553924 3.226274 9.216907
7.100198 4.130109 9.216907
6.538840 4.971336 9.216907
5.878360 5.737203 9.216907
5.128770 6.416099 9.216907
4.301433 6.997734 9.216907
3.408891 7.473291 9.216907
2.464673 7.835560 9.216907
1.483094 8.079050 9.216907
0.479032 8.200069 9.216907
-0.532291 8.196784 9.216907
-1.535546 8.069245 9.216907
-2.515523 7.819383 9.216907
-3.457367 7.450988 9.216907
-4.346801 6.969643 9.216907
-5.170342 6.382646 9.216907
-5.915506 5.698894 9.216907
-6.570997 4.928753 9.216907
-7.126878 4.083897 9.216907
-7.574723 3.177134 9.216907
-7.907743 2.222208 9.216907
-8.120890 1.233595 9.216907
-8.210932 0.226283 9.216907
-8.176505 -0.784459 9.216907
-8.018130 -1.783310 9.216907
-7.738209 -2.755128 9.216907
-7.340984 -3.685181 9.216907
-6.832478 -4.559370 9.216907
-6.220398 -5.364444 9.216907
-5.514023 -6.088198 9.216907
-4.724061 -6.719662 9.216907
-3.862488 -7.249262 9.216907
-2.942363 -7.668971 9.216907
-1.977634 -7.972426 9.216907
-0.982927 -8.155027 9.216907
0.026680 -8.214006 9.216907
1.035883 -8.148469 9.216907
2.029383 -7.959410 9.216907
2.992120 -7.649695 9.216907
3.909499 -7.224017 9.216907
4.767614 -6.688831 9.216907
5.553457 -6.052249 9.216907
6.255115 -5.323922 9.216907
6.861952 -4.514889 9.216907
7.364769 -3.637414 9.216907
7.755944 -2.704801 9.216907
8.708207 -1.967920 8.527391
8.873789 -0.980536 8.527391
8.927778 0.019178 8.527391
8.869495 1.018652 8.527391
8.699672 2.005315 8.527391
8.420447 2.966760 8.527391
8.035329 3.890897 8.527391
7.549162 4.766103 8.527391
6.968060 5.581373 8.527391
6.299331 6.326453 8.527391
5.551384 6.991975 8.527391
4.733626 7.569569 8.527391
3.856339 8.051971 8.527391
2.930556 8.433115 8.527391
1.967920 8.708207 8.527391
0.980536 8.873789 8.527391
-0.019178 8.927778 8.527391
-1.018652 8.869495 8.527391
-2.005315 8.699672 8.527391
-2.966760 8.420447 8.527391
-3.890897 8.035329 8.527391
-4.766103 7.549162 8.527391
-5.581373 6.968060 8.527391
-6.326453 6.299331 8.527391
-6.991975 5.551384 8.527391
-7.569569 4.733626 8.527391
-8.051971 3.856339 8.527391
-8.433115 2.930556 8.527391
-8.708207 1.967920 8.527391
-8.873789 0.980536 8.527391
-8.927778 -0.019178 8.527391
-8.869495 -1.018652 8.527391
-8.699672 -2.005315 8.527391
-8.420447 -2.966760 8.527391
-8.035329 -3.890897 8.527391
-7.549162 -4.766103 8.527391
-6.968060 -5.581373 8.527391
-6.299331 -6.326453 8.527391
-5.551384 -6.991975 8.527391
-4.733626 -7.569569 8.527391
-3.856339 -8.051971 8.527391
-2.930556 -8.433115 8.527391
-1.967920 -8.708207 8.527391
-0.980536 -8.873789 8.527391
0.019178 -8.927778 8.527391
1.018652 -8.869495 8.527391
2.005315 -8.699672 8.527391
2.966760 -8.420447 8.527391
3.890897 -8.035329 8.527391
4.766103 -7.549162 8.527391
5.581373 -6.968060 8.527391
6.326453 -6.299331 8.527391
6.991975 -5.551384 8.527391
7.569569 -4.733626 8.527391
8.051971 -3.856339 8.527391
8.433115 -2.930556 8.527391
9.335488 -2.156376 7.785929
9.511810 -1.151858 7.785929
9.580359 -0.134289 7.785929
9.540358 0.884801 7.785929
9.392261 1.893867 7.785929
9.137747 2.881474 7.785929
8.779698 3.836432 7.785929
8.322171 4.747923 7.785929
7.770351 5.605618 7.785929
7.130490 6.399798 7.785929
6.409837 7.121467 7.785929
5.616559 7.762446 7.785929
4.759642 8.315474 7.785929
3.848797 8.774284 7.785929
2.894344 9.133678 7.785929
1.907096 9.389584 7.785929
0.898241 9.539102 7.785929
-0.120792 9.580538 7.785929
-1.138457 9.513423 7.785929
-2.143222 9.338517 7.785929
-3.123704 9.057802 7.785929
-4.068793 8.674458 7.785929
-4.967781 8.192830 7.785929
-5.810482 7.618373 7.785929
-6.587348 6.957597 7.785929
-7.289576 6.217989 7.785929
-7.909211 5.407928 7.785929
-8.439231 4.536593 7.785929
-8.873632 3.613857 7.785929
-9.207490 2.650175 7.785929
-9.437024 1.656465 7.785929
-9.559633 0.643986 7.785929
-9.573927 -0.375789 7.785929
-9.479745 -1.391306 7.785929
-9.278154 -2.391059 7.785929
-8.971437 -3.363720 7.785929
-8.563071 -4.298270 7.785929
-8.057681 -5.184118 7.785929
-7.460995 -6.011228 7.785929
-6.779773 -6.770228 7.785929
-6.021733 -7.452519 7.785929
-5.195464 -8.050370 7.785929
-4.310329 -8.557007 7.785929
-3.376356 -8.966690 7.785929
-2.404127 -9.274776 7.785929
-1.404659 -9.477776 7.785929
-0.389276 -9.573389 7.785929
0.630518 -9.560531 7.785929
1.643168 -9.439349 7.785929
2.637201 -9.211215 7.785929
3.601353 -8.878714 7.785929
4.524700 -8.445614 7.785929
5.396780 -7.916822 7.785929
6.207713 -7.298329 7.785929
6.948310 -6.597143 7.785929
7.610180 -5.821209 7.785929
8.185823 -4.979318 7.785929
8.668718 -4.081009 7.785929
9.053392 -3.136461 7.785929
9.895757 -2.363980 6.993396
10.079817 -1.382643 6.993396
10.166802 -0.387990 6.993396
10.155876 0.610399 6.993396
10.047143 1.602910 6.993396
9.841651 2.579984 6.993396
9.541378 3.532211 6.993396
9.149216 4.450421 6.993396
8.668943 5.325771 6.993396
8.105183 6.149831 6.993396
7.463365 6.914664 6.993396
6.749671 7.612906 6.993396
5.970974 8.237831 6.993396
5.134774 8.783422 6.993396
4.249123 9.244423 6.993396
3.322550 9.616396 6.993396
2.363980 9.895757 6.993396
1.382643 10.079817 6.993396
0.387990 10.166802 6.993396
-0.610399 10.155876 6.993396
-1.602910 10.047143 6.993396
-2.579984 9.841651 6.993396
-3.532211 9.541378 6.993396
-4.450421 9.149216 6.993396
-5.325771 8.668943 6.993396
-6.149831 8.105183 6.993396
-6.914664 7.463365 6.993396
-7.612906 6.749671 6.993396
-8.237831 5.970974 6.993396
-8.783422 5.134774 6.993396
-9.244423 4.249123 6.993396
-9.616396 3.322550 6.993396
-9.895757 2.363980 6.993396
-10.079817 1.382643 6.993396
-10.166802 0.387990 6.993396
-10.155876 -0.610399 6.993396
-10.047143 -1.602910 6.993396
-9.841651 -2.579984 6.993396
-9.541378 -3.532211 6.993396
-9.149216 -4.450421 6.993396
-8.668943 -5.325771 6.993396
-8.105183 -6.149831 6.993396
-7.463365 -6.914664 6.993396
-6.749671 -7.612906 6.993396
-5.970974 -8.237831 6.993396
-5.134774 -8.783422 6.993396
-4.249123 -9.244423 6.993396
-3.322550 -9.616396 6.993396
-2.363980 -9.895757 6.993396
-1.382643 -10.079817 6.993396
-0.387990 -10.166802 6.993396
0.610399 -10.155876 6.993396
1.602910 -10.047143 6.993396
2.579984 -9.841651 6.993396
3.532211 -9.541378 6.993396
4.450421 -9.149216 6.993396
5.325771 -8.668943 6.993396
6.149831 -8.105183 6.993396
6.914664 -7.463365 6.993396
7.612906 -6.749671 6.993396
8.237831 -5.970974 6.993396
8.783422 -5.134774 6.993396
9.244423 -4.249123 6.993396
9.616396 -3.322550 6.993396
10.403527 -2.525601 6.148981
10.594314 -1.540301 6.148981
10.691999 -0.541466 6.148981
10.695722 0.462128 6.148981
10.605450 1.461661 6.148981
10.421978 2.448348 6.148981
10.146916 3.413520 6.148981
9.782683 4.348693 6.148981
9.332480 5.245650 6.148981
8.800263 6.096508 6.148981
8.190708 6.893789 6.148981
7.509173 7.630488 6.148981
6.761647 8.300130 6.148981
5.954700 8.896829 6.148981
5.095423 9.415344 6.148981
4.191367 9.851115 6.148981
3.250477 10.200315 6.148981
2.281021 10.459874 6.148981
1.291520 10.627512 6.148981
0.290669 10.701754 6.148981
-0.712736 10.681949 6.148981
-1.709878 10.568271 6.148981
-2.691993 10.361718 6.148981
-3.650451 10.064106 6.148981
-4.576829 9.678050 6.148981
-5.462986 9.206944 6.148981
-6.301133 8.654926 6.148981
-7.083906 8.026849 6.148981
-7.804425 7.328231 6.148981
-8.456359 6.565213 6.148981
-9.033978 5.744499 6.148981
-9.532206 4.873303 6.148981
-9.946664 3.959279 6.148981
-10.273711 3.010462 6.148981
-10.510473 2.035188 6.148981
-10.654868 1.042029 6.148981
-10.705627 0.039713 6.148981
-10.662305 -0.962953 6.148981
-10.525282 -1.957156 6.148981
-10.295763 -2.934159 6.148981
-9.975764 -3.885377 6.148981
-9.568098 -4.802450 6.148981
-9.076347 -5.677319 6.148981
-8.504833 -6.502295 6.148981
-7.858578 -7.270129 6.148981
-7.143262 -7.974073 6.148981
-6.365170 -8.607940 6.148981
-5.531141 -9.166161 6.148981
-4.648504 -9.643829 6.148981
-3.725016 -10.036747 6.148981
-2.768792 -10.341461 6.148981
-1.788236 -10.555294 6.148981
-0.791965 -10.676367 6.148981
0.211266 -10.703616 6.148981
1.212640 -10.636801 6.148981
2.203357 -10.476509 6.148981
3.174712 -10.224149 6.148981
4.118167 -9.881940 6.148981
5.025431 -9.452887 6.148981
5.888531 -8.940762 6.148981
6.699883 -8.350065 6.148981
7.452357 -7.685988 6.148981
8.139338 -6.954366 6.148981
8.754791 -6.161628 6.148981
9.293306 -5.314742 6.148981
9.750152 -4.421150 6.148981
10.121312 -3.488705 6.148981
10.843065 -2.655725 5.272291
11.039639 -1.658709 5.272291
11.144734 -0.647949 5.272291
11.157481 0.368181 5.272291
11.077773 1.381259 5.272291
10.906272 2.382892 5.272291
10.644397 3.364780 5.272291
10.294320 4.318786 5.272291
9.858941 5.237005 5.272291
9.341867 6.111829 5.272291
8.747384 6.936008 5.272291
8.080418 7.702713 5.272291
7.346494 8.405591 5.272291
6.551695 9.038818 5.272291
5.702607 9.597146 5.272291
4.806265 10.075950 5.272291
3.870096 10.471260 5.272291
2.901859 10.779803 5.272291
1.909577 10.999021 5.272291
0.901470 11.127097 5.272291
-0.114106 11.162971 5.272291
-1.128736 11.106345 5.272291
-2.134013 10.957688 5.272291
-3.121608 10.718232 5.272291
-4.083335 10.389962 5.272291
-5.011227 9.975597 5.272291
-5.897594 9.478572 5.272291
-6.735092 8.903003 5.272291
-7.516781 8.253662 5.272291
-8.236184 7.535928 5.272291
-8.887338 6.755750 5.272291
-9.464850 5.919591 5.272291
-9.963933 5.034380 5.272291
-10.380451 4.107453 5.272291
-10.710954 3.146490 5.272291
-10.952703 2.159455 5.272291
-11.103694 1.154525 5.272291
-11.162676 0.140029 5.272291
-11.129161 -0.875628 5.272291
-11.003426 -1.884028 5.272291
-10.786513 -2.876818 5.272291
-10.480220 -3.845769 5.272291
-10.087084 -4.782852 5.272291
-9.610364 -5.680304 5.272291
-9.054009 -6.530686 5.272291
-8.422629 -7.326954 5.272291
-7.721458 -8.062508 5.272291
-6.956303 -8.731253 5.272291
-6.133507 -9.327649 5.272291
-5.259887 -9.846752 5.272291
-4.342681 -10.284263 5.272291
-3.389490 -10.636555 5.272291
-2.408214 -10.900708 5.272291
-1.406982 -11.074536 5.272291
-0.394091 -11.156596 5.272291
0.622065 -11.146209 5.272291
1.633067 -11.043461 5.272291
2.630537 -10.849203 5.272291
3.606209 -10.565046 5.272291
4.551999 -10.193343 5.272291
5.460069 -9.737175 5.272291
6.322896 -9.200322 5.272291
7.133329 -8.587232 5.272291
7.884654 -7.902985 5.272291
8.570643 -7.153252 5.272291
9.185614 -6.344245 5.272291
9.724469 -5.482667 5.272291
10.182745 -4.575658 5.272291
10.556643 -3.630734 5.272291
11.212295 -2.768715 4.363557
11.410939 -1.780963 4.363557
11.522738 -0.779658 4.363557
11.546842 0.227582 4.363557
11.483068 1.233090 4.363557
11.331900 2.229213 4.363557
11.094490 3.208370 4.363557
10.772645 4.163110 4.363557
10.368812 5.086166 4.363557
9.886067 5.970513 4.363557
9.328084 6.809421 4.363557
8.699107 7.596505 4.363557
8.003925 8.325775 4.363557
7.247829 8.991681 4.363557
6.436572 9.589155 4.363557
5.576329 10.113650 4.363557
4.673647 10.561173 4.363557
3.735395 10.928320 4.363557
2.768715 11.212295 4.363557
1.780963 11.410939 4.363557
0.779658 11.522738 4.363557
-0.227582 11.546842 4.363557
-1.233090 11.483068 4.363557
-2.229213 11.331900 4.363557
-3.208370 11.094490 4.363557
-4.163110 10.772645 4.363557
-5.086166 10.368812 4.363557
-5.970513 9.886067 4.363557
-6.809421 9.328084 4.363557
-7.596505 8.699107 4.363557
-8.325775 8.003925 4.363557
-8.991681 7.247829 4.363557
-9.589155 6.436572 4.363557
-10.113650 5.576329 4.363557
-10.561173 4.673647 4.363557
-10.928320 3.735395 4.363557
-11.212295 2.768715 4.363557
-11.410939 1.780963 4.363557
-11.522738 0.779658 4.363557
-11.546842 -0.227582 4.363557
-11.483068 -1.233090 4.363557
-11.331900 -2.229213 4.363557
-11.094490 -3.208370 4.363557
-10.772645 -4.163110 4.363557
-10.368812 -5.086166 4.363557
-9.886067 -5.970513 4.363557
-9.328084 -6.809421 4.363557
-8.699107 -7.596505 4.363557
-8.003925 -8.325775 4.363557
-7.247829 -8.991681 4.363557
-6.436572 -9.589155 4.363557
-5.576329 -10.113650 4.363557
-4.673647 -10.561173 4.363557
-3.735395 -10.928320 4.363557
-2.768715 -11.212295 4.363557
-1.780963 -11.410939 4.363557
-0.779658 -11.522738 4.363557
0.227582 -11.546842 4.363557
1.233090 -11.483068 4.363557
2.229213 -11.331900 4.363557
3.208370 -11.094490 4.363557
4.163110 -10.772645 4.363557
5.086166 -10.368812 4.363557
5.970513 -9.886067 4.363557
6.809421 -9.328084 4.363557
7.596505 -8.699107 4.363557
8.325775 -8.003925 4.363557
8.991681 -7.247829 4.363557
9.589155 -6.436572 4.363557
10.113650 -5.576329 4.363557
10.561173 -4.673647 4.363557
10.928320 -3.735395 4.363557
11.512775 -2.857323 3.422528
11.713618 -1.870678 3.422528
11.830064 -0.870555 3.422528
11.861275 0.135841 3.422528
11.807024 1.141258 3.422528
11.667704 2.138452 3.422528
11.444317 3.120239 3.422528
11.138474 4.079544 3.422528
10.752378 5.009456 3.422528
10.288811 5.903275 3.422528
9.751113 6.754560 3.422528
9.143158 7.557179 3.422528
8.469326 8.305348 3.422528
7.734472 8.993677 3.422528
6.943892 9.617206 3.422528
6.103280 10.171443 3.422528
5.218694 10.652395 3.422528
4.296508 11.056596 3.422528
3.343365 11.381134 3.422528
2.366133 11.623670 3.422528
1.371852 11.782458 3.422528
0.367688 11.856353 3.422528
-0.639125 11.844822 3.422528
-1.641334 11.747949 3.422528
-2.631717 11.566432 3.422528
-3.603138 11.301579 3.422528
-4.548598 10.955297 3.422528
-5.461286 10.530083 3.422528
-6.334625 10.028999 3.422528
-7.162323 9.455655 3.422528
-7.938416 8.814184 3.422528
-8.657313 8.109206 3.422528
-9.313834 7.345801 3.422528
-9.903248 6.529469 3.422528
-10.421309 5.666093 3.422528
-10.864284 4.761892 3.422528
-11.228982 3.823381 3.422528
-11.512775 2.857323 3.422528
-11.713618 1.870678 3.422528
-11.830064 0.870555 3.422528
-11.861275 -0.135841 3.422528
-11.807024 -1.141258 3.422528
-11.667704 -2.138452 3.422528
-11.444317 -3.120239 3.422528
-11.138474 -4.079544 3.422528
-10.752378 -5.009456 3.422528
-10.288811 -5.903275 3.422528
-9.751113 -6.754560 3.422528
-9.143158 -7.557179 3.422528
-8.469326 -8.305348 3.422528
-7.734472 -8.993677 3.422528
-6.943892 -9.617206 3.422528
-6.103280 -10.171443 3.422528
-5.218694 -10.652395 3.422528
-4.296508 -11.056596 3.422528
-3.343365 -11.381134 3.422528
-2.366133 -11.623670 3.422528
-1.371852 -11.782458 3.422528
-0.367688 -11.856353 3.422528
0.639125 -11.844822 3.422528
1.641334 -11.747949 3.422528
2.631717 -11.566432 3.422528
3.603138 -11.301579 3.422528
4.548598 -10.955297 3.422528
5.461286 -10.530083 3.422528
6.334625 -10.028999 3.422528
7.162323 -9.455655 3.422528
7.938416 -8.814184 3.422528
8.657313 -8.109206 3.422528
9.313834 -7.345801 3.422528
9.903248 -6.529469 3.422528
10.421309 -5.666093 3.422528
10.864284 -4.761892 3.422528
11.228982 -3.823381 3.422528
11.740055 -2.920787 2.462133
11.943286 -1.928161 2.462133
12.062744 -0.922010 2.462133
12.097590 0.090608 2.462133
12.047580 1.102590 2.462133
11.913065 2.106839 2.462133
11.694989 3.096310 2.462133
11.394880 4.064062 2.462133
11.014845 5.003308 2.462133
10.557548 5.907459 2.462133
10.026198 6.770173 2.462133
9.424521 7.585400 2.462133
8.756738 8.347420 2.462133
8.027533 9.050890 2.462133
7.242020 9.690874 2.462133
6.405710 10.262883 2.462133
5.524468 10.762906 2.462133
4.604477 11.187434 2.462133
3.652188 11.533491 2.462133
2.674281 11.798649 2.462133
1.677617 11.981047 2.462133
0.669185 12.079407 2.462133
-0.343941 12.093039 2.462133
-1.354654 12.021847 2.462133
-2.355865 11.866330 2.462133
-3.340552 11.627579 2.462133
-4.301807 11.307270 2.462133
-5.232888 10.907648 2.462133
-6.127264 10.431516 2.462133
-6.978661 9.882215 2.462133
-7.781109 9.263597 2.462133
-8.528977 8.580002 2.462133
-9.217021 7.836225 2.462133
-9.840414 7.037482 2.462133
-10.394783 6.189375 2.462133
-10.876241 5.297855 2.462133
-11.281410 4.369175 2.462133
-11.607447 3.409847 2.462133
-11.852067 2.426602 2.462133
-12.013553 1.426337 2.462133
-12.090772 0.416066 2.462133
-12.083184 -0.597123 2.462133
-11.990841 -1.606124 2.462133
-11.814390 -2.603858 2.462133
-11.555070 -3.583329 2.462133
-11.214700 -4.537665 2.462133
-10.795666 -5.460173 2.462133
-10.300909 -6.344381 2.462133
-9.733898 -7.184088 2.462133
-9.098611 -7.973404 2.462133
-8.399503 -8.706792 2.462133
-7.641479 -9.379109 2.462133
-6.829856 -9.985637 2.462133
-5.970326 -10.522124 2.462133
-5.068919 -10.984806 2.462133
-4.131956 -11.370436 2.462133
-3.166012 -11.676312 2.462133
-2.177859 -11.900286 2.462133
-1.174431 -12.040789 2.462133
-0.162765 -12.096834 2.462133
0.850043 -12.068029 2.462133
1.856888 -11.954575 2.462133
2.850709 -11.757268 2.462133
3.824534 -11.477492 2.462133
4.771533 -11.117210 2.462133
5.685062 -10.678949 2.462133
6.558716 -10.165783 2.462133
7.386364 -9.581311 2.462133
8.162202 -8.929633 2.462133
8.880789 -8.215320 2.462133
9.537083 -7.443382 2.462133
10.126481 -6.619235 2.462133
10.644849 -5.748658 2.462133
11.088552 -4.837759 2.462133
11.454476 -3.892926 2.462133
11.889188 -2.978502 1.482468
12.092404 -1.999512 1.482468
12.215146 -1.007216 1.482468
12.256599 -0.008216 1.482468
12.216485 0.990837 1.482468
12.095074 1.983297 1.482468
11.893171 2.962559 1.482468
11.612122 3.922105 1.482468
11.253795 4.855550 1.482468
10.820577 5.756683 1.482468
10.315349 6.619505 1.482468
9.741474 7.438276 1.482468
9.102772 8.207547 1.482468
8.403492 8.922197 1.482468
7.648288 9.577472 1.482468
6.842186 10.169010 1.482468
5.990551 10.692875 1.482468
5.099049 11.145581 1.482468
4.173614 11.524115 1.482468
3.220404 11.825958 1.482468
2.245763 12.049101 1.482468
1.256177 12.192059 1.482468
0.258231 12.253881 1.482468
-0.741433 12.234155 1.482468
-1.736163 12.133013 1.482468
-2.719339 11.951128 1.482468
-3.684419 11.689711 1.482468
-4.624979 11.350500 1.482468
-5.534761 10.935753 1.482468
-6.407710 10.448231 1.482468
-7.238017 9.891177 1.482468
-8.020156 9.268300 1.482468
-8.748922 8.583743 1.482468
-9.419465 7.842063 1.482468
-10.027324 7.048195 1.482468
-10.568452 6.207423 1.482468
-11.039249 5.325342 1.482468
-11.436581 4.407821 1.482468
-11.757805 3.460966 1.482468
-12.000783 2.491080 1.482468
-12.163898 1.504616 1.482468
-12.246064 0.508139 1.482468
-12.246734 -0.491720 1.482468
-12.165904 -1.488306 1.482468
-12.004112 -2.474988 1.482468
-11.762435 -3.445199 1.482468
-11.442481 -4.392483 1.482468
-11.046379 -5.310536 1.482468
-10.576765 -6.193248 1.482468
-10.036764 -7.034745 1.482468
-9.429971 -7.829427 1.482468
-8.760422 -8.572005 1.482468
-8.032575 -9.257539 1.482468
-7.251272 -9.881464 1.482468
-6.421713 -10.439630 1.482468
-5.549418 -10.928323 1.482468
-4.640193 -11.344289 1.482468
-3.700088 -11.684760 1.482468
-2.735360 -11.947472 1.482468
-1.752429 -12.130675 1.482468
-0.757835 -12.233150 1.482468
0.241802 -12.254216 1.482468
1.239830 -12.193732 1.482468
2.229607 -12.052101 1.482468
3.204546 -11.830265 1.482468
4.158159 -11.529700 1.482468
5.084101 -11.152407 1.482468
5.976209 -10.700897 1.482468
6.828546 -10.178174 1.482468
7.635440 -9.587718 1.482468
8.391522 -8.933456 1.482468
9.091760 -8.219744 1.482468
9.731493 -7.451330 1.482468
10.306465 -6.633330 1.482468
10.812849 -5.771185 1.482468
11.247275 -4.870634 1.482468
11.606853 -3.937671 1.482468
11.970972 -2.978509 0.496289
12.176048 -1.979781 0.496289
12.297950 -0.967529 0.496289
12.335844 0.051332 0.496289
12.289472 1.069843 0.496289
12.159150 2.081045 0.496289
11.945769 3.078032 0.496289
11.650787 4.053993 0.496289
11.276217 5.002261 0.496289
10.824620 5.916358 0.496289
10.299079 6.790041 0.496289
9.703185 7.617341 0.496289
9.041009 8.392606 0.496289
8.317074 9.110542 0.496289
7.536324 9.766243 0.496289
6.704094 10.355231 0.496289
5.826068 10.873483 0.496289
4.908243 11.317457 0.496289
3.956891 11.684122 0.496289
2.978509 11.970972 0.496289
1.979781 12.176048 0.496289
0.967529 12.297950 0.496289
-0.051332 12.335844 0.496289
-1.069843 12.289472 0.496289
-2.081045 12.159150 0.496289
-3.078032 11.945769 0.496289
-4.053993 11.650787 0.496289
-5.002261 11.276217 0.496289
-5.916358 10.824620 0.496289
-6.790041 10.299079 0.496289
-7.617341 9.703185 0.496289
-8.392606 9.041009 0.496289
-9.110542 8.317074 0.496289
-9.766243 7.536324 0.496289
-10.355231 6.704094 0.496289
-10.873483 5.826068 0.496289
-11.317457 4.908243 0.496289
-11.684122 3.956891 0.496289
-11.970972 2.978509 0.496289
-12.176048 1.979781 0.496289
-12.297950 0.967529 0.496289
-12.335844 -0.051332 0.496289
-12.289472 -1.069843 0.496289
-12.159150 -2.081045 0.496289
-11.945769 -3.078032 0.496289
-11.650787 -4.053993 0.496289
-11.276217 -5.002261 0.496289
-10.824620 -5.916358 0.496289
-10.299079 -6.790041 0.496289
-9.703185 -7.617341 0.496289
-9.041009 -8.392606 0.496289
-8.317074 -9.110542 0.496289
-7.536324 -9.766243 0.496289
-6.704094 -10.355231 0.496289
-5.826068 -10.873483 0.496289
-4.908243 -11.317457 0.496289
-3.956891 -11.684122 0.496289
-2.978509 -11.970972 0.496289
-1.979781 -12.176048 0.496289
-0.967529 -12.297950 0.496289
0.051332 -12.335844 0.496289
1.069843 -12.289472 0.496289
2.081045 -12.159150 0.496289
3.078032 -11.945769 0.496289
4.053993 -11.650787 0.496289
5.002261 -11.276217 0.496289
5.916358 -10.824620 0.496289
6.790041 -10.299079 0.496289
7.617341 -9.703185 0.496289
8.392606 -9.041009 0.496289
9.110542 -8.317074 0.496289
9.766243 -7.536324 0.496289
10.355231 -6.704094 0.496289
10.873483 -5.826068 0.496289
11.317457 -4.908243 0.496289
11.684122 -3.956891 0.496289
11.969621 -2.984998 -0.489854
12.173098 -1.999430 -0.489854
12.295565 -1.000557 -0.489854
12.336207 0.004975 -0.489854
12.294754 1.010474 -0.489854
12.171481 2.009248 -0.489854
11.967209 2.994652 -0.489854
11.683297 3.960126 -0.489854
11.321635 4.899246 -0.489854
10.884629 5.805762 -0.489854
10.375188 6.673643 -0.489854
9.796702 7.497111 -0.489854
9.153020 8.270687 -0.489854
8.448426 8.989223 -0.489854
7.687609 9.647937 -0.489854
6.875633 10.242446 -0.489854
6.017901 10.768793 -0.489854
5.120120 11.223476 -0.489854
4.188266 11.603468 -0.489854
3.228539 11.906241 -0.489854
2.247327 12.129779 -0.489854
1.251160 12.272597 -0.489854
0.246666 12.333742 -0.489854
-0.759469 12.312808 -0.489854
-1.760550 12.209934 -0.489854
-2.749915 12.025806 -0.489854
-3.720980 11.761647 -0.489854
-4.667282 11.419217 -0.489854
-5.582524 11.000793 -0.489854
-6.460615 10.509162 -0.489854
-7.295712 9.947593 -0.489854
-8.082258 9.319825 -0.489854
-8.815017 8.630035 -0.489854
-9.489114 7.882814 -0.489854
-10.100062 7.083133 -0.489854
-10.643796 6.236316 -0.489854
-11.116697 5.347997 -0.489854
-11.515619 4.424088 -0.489854
-11.837906 3.470737 -0.489854
-12.081413 2.494290 -0.489854
-12.244521 1.501243 -0.489854
-12.326144 0.498205 -0.489854
-12.325738 -0.508148 -0.489854
-12.243306 -1.511119 -0.489854
-12.079398 -2.504034 -0.489854
-11.835102 -3.480285 -0.489854
-11.512046 -4.433375 -0.489854
-11.112380 -5.356962 -0.489854
-10.638762 -6.244900 -0.489854
-10.094345 -7.091278 -0.489854
-9.482752 -7.890465 -0.489854
-8.808053 -8.637143 -0.489854
-8.074738 -9.326341 -0.489854
-7.287686 -9.953475 -0.489854
-6.452136 -10.514370 -0.489854
-5.573649 -11.005293 -0.489854
-4.658069 -11.422978 -0.489854
-3.711491 -11.764645 -0.489854
-2.740214 -12.028020 -0.489854
-1.750701 -12.211350 -0.489854
-0.749537 -12.313416 -0.489854
0.256615 -12.333539 -0.489854
1.261059 -12.271583 -0.489854
2.257111 -12.127963 -0.489854
3.238142 -11.903633 -0.489854
4.197624 -11.600086 -0.489854
5.129171 -11.219342 -0.489854
6.026585 -10.763935 -0.489854
6.883893 -10.236897 -0.489854
7.695389 -9.641733 -0.489854
8.455674 -8.982405 -0.489854
9.159688 -8.263301 -0.489854
9.802746 -7.489206 -0.489854
10.380568 -6.665272 -0.489854
10.889309 -5.796981 -0.489854
11.325583 -4.890112 -0.489854
11.686488 -3.950700 -0.489854
12.003451 -2.478194 -1.482468
12.165506 -1.491555 -1.482468
12.246602 -0.494990 -1.482468
12.246199 0.504869 -1.482468
12.164299 1.501367 -1.482468
12.001448 2.487875 -1.482468
11.758729 3.457826 -1.482468
11.437758 4.404766 -1.482468
11.040671 5.322393 -1.482468
10.570109 6.204601 -1.482468
10.029205 7.045517 -1.482468
9.421559 7.839547 -1.482468
8.751214 8.581406 -1.482468
8.022630 9.266158 -1.482468
7.240658 9.889244 -1.482468
6.410500 10.446519 -1.482468
5.537681 10.934275 -1.482468
4.628010 11.349264 -1.482468
3.687541 11.688726 -1.482468
2.722531 11.950402 -1.482468
1.739403 12.132549 -1.482468
0.744700 12.233957 -1.482468
-0.254959 12.253949 -1.482468
-1.252921 12.192394 -1.482468
-2.242545 12.049700 -1.482468
-3.217246 11.826817 -1.482468
-4.170536 11.525229 -1.482468
-5.096072 11.146942 -1.482468
-5.987695 10.694475 -1.482468
-6.839470 10.170837 -1.482468
-7.645730 9.579514 -1.482468
-8.401109 8.924441 -1.482468
-9.100580 8.209977 -1.482468
-9.739488 7.440877 -1.482468
-10.313581 6.622260 -1.482468
-10.819039 5.759572 -1.482468
-11.252498 4.858556 -1.482468
-11.611074 3.925206 -1.482468
-11.892380 2.965735 -1.482468
-12.094544 1.986528 -1.482468
-12.216220 0.994100 -1.482468
-12.256600 -0.004943 -1.482468
-12.215415 -1.003953 -1.482468
-12.092937 -1.996283 -1.482468
-11.889983 -2.975327 -1.482468
-11.607904 -3.934571 -1.482468
-11.248575 -4.867631 -1.482468
-10.814390 -5.768297 -1.482468
-10.308236 -6.630577 -1.482468
-9.733482 -7.448731 -1.482468
-9.093954 -8.217315 -1.482468
-8.393907 -8.931215 -1.482468
-7.638001 -9.585678 -1.482468
-6.831264 -10.176350 -1.482468
-5.979066 -10.699301 -1.482468
-5.087079 -11.151049 -1.482468
-4.161238 -11.528589 -1.482468
-3.207705 -11.829408 -1.482468
-2.232825 -12.051505 -1.482468
-1.243086 -12.193400 -1.482468
-0.245075 -12.254151 -1.482468
0.754568 -12.233352 -1.482468
1.749189 -12.131142 -1.482468
2.732169 -11.948202 -1.482468
3.696968 -11.685748 -1.482468
4.637163 -11.345527 -1.482468
5.546499 -10.929804 -1.482468
6.418924 -10.441345 -1.482468
7.248632 -9.883400 -1.482468
8.030102 -9.259683 -1.482468
8.758133 -8.574345 -1.482468
9.427880 -7.831945 -1.482468
10.034885 -7.037425 -1.482468
10.575111 -6.196072 -1.482468
11.044960 -5.313486 -1.482468
11.441307 -4.395539 -1.482468
11.761515 -3.448340 -1.482468
11.854665 -2.413876 -2.462133
12.015077 -1.413437 -2.462133
12.091212 -0.403084 -2.462133
12.082536 0.610096 -2.462133
11.989109 1.618997 -2.462133
11.811587 2.616542 -2.462133
11.551216 3.595733 -2.462133
11.209821 4.549703 -2.462133
10.789797 5.471761 -2.462133
10.294091 6.355437 -2.462133
9.726179 7.194535 -2.462133
9.090044 7.983169 -2.462133
8.390150 8.715806 -2.462133
7.631405 9.387308 -2.462133
6.819131 9.992965 -2.462133
5.959025 10.528528 -2.462133
5.057122 10.990242 -2.462133
4.119746 11.374866 -2.462133
3.153473 11.679704 -2.462133
2.165081 11.902618 -2.462133
1.161502 12.042043 -2.462133
0.149777 12.097002 -2.462133
-0.863000 12.067109 -2.462133
-1.869723 11.952574 -2.462133
-2.863331 11.754200 -2.462133
-3.836855 11.473379 -2.462133
-4.783466 11.112081 -2.462133
-5.696525 10.672839 -2.462133
-6.569627 10.158735 -2.462133
-7.396647 9.573375 -2.462133
-8.171785 8.920864 -2.462133
-8.889604 8.205780 -2.462133
-9.545069 7.433138 -2.462133
-10.133582 6.608358 -2.462133
-10.651016 5.737226 -2.462133
-11.093740 4.825850 -2.462133
-11.458649 3.880625 -2.462133
-11.743184 2.908180 -2.462133
-11.945350 1.915336 -2.462133
-12.063727 0.909058 -2.462133
-12.097486 -0.103597 -2.462133
-12.046389 -1.115525 -2.462133
-11.910796 -2.119629 -2.462133
-11.691657 -3.108864 -2.462133
-11.390510 -4.076294 -2.462133
-11.009466 -5.015131 -2.462133
-10.551199 -5.918791 -2.462133
-10.018923 -6.780934 -2.462133
-9.416371 -7.595514 -2.462133
-8.747771 -8.356818 -2.462133
-8.017810 -9.059504 -2.462133
-7.231611 -9.698644 -2.462133
-6.394687 -10.269755 -2.462133
-5.512909 -10.768831 -2.462133
-4.592462 -11.192372 -2.462133
-3.639802 -11.537406 -2.462133
-2.661612 -11.801513 -2.462133
-1.664752 -11.982842 -2.462133
-0.656215 -12.080119 -2.462133
0.356925 -12.092663 -2.462133
1.367561 -12.020385 -2.462133
2.368605 -11.863794 -2.462133
3.353034 -11.623986 -2.462133
4.313945 -11.302644 -2.462133
5.244596 -10.902023 -2.462133
6.138460 -10.424931 -2.462133
6.989268 -9.874717 -2.462133
7.791050 -9.255238 -2.462133
8.538184 -8.570840 -2.462133
9.225429 -7.826324 -2.462133
9.847964 -7.026912 -2.462133
10.401423 -6.178211 -2.462133
10.881923 -5.286175 -2.462133
11.286094 -4.357060 -2.462133
11.611102 -3.397383 -2.462133
11.627534 -2.347070 -3.422528
11.784691 -1.352531 -3.422528
11.856939 -0.348246 -3.422528
11.843758 0.658547 -3.422528
11.745242 1.660595 -3.422528
11.562101 2.650679 -3.422528
11.295656 3.621665 -3.422528
10.947824 4.566556 -3.422528
10.521114 5.478545 -3.422528
10.018598 6.351062 -3.422528
9.443898 7.177818 -3.422528
8.801155 7.952859 -3.422528
8.094999 8.670599 -3.422528
7.330519 9.325866 -3.422528
6.513222 9.913941 -3.422528
5.648997 10.430586 -3.422528
4.744071 10.872078 -3.422528
3.804963 11.235237 -3.422528
2.838441 11.517445 -3.422528
1.851468 11.716670 -3.422528
0.851155 11.831476 -3.422528
-0.155290 11.861036 -3.422528
-1.160617 11.805137 -3.422528
-2.157581 11.664182 -3.422528
-3.139000 11.439186 -3.422528
-4.097803 11.131770 -3.422528
-5.027080 10.744150 -3.422528
-5.920138 10.279118 -3.422528
-6.770540 9.740024 -3.422528
-7.572161 9.130754 -3.422528
-8.319225 8.455696 -3.422528
-9.006348 7.719715 -3.422528
-9.628580 6.928113 -3.422528
-10.181438 6.086593 -3.422528
-10.660938 5.201220 -3.422528
-11.063626 4.278372 -3.422528
-11.386601 3.324698 -3.422528
-11.627534 2.347070 -3.422528
-11.784691 1.352531 -3.422528
-11.856939 0.348246 -3.422528
-11.843758 -0.658547 -3.422528
-11.745242 -1.660595 -3.422528
-11.562101 -2.650679 -3.422528
-11.295656 -3.621665 -3.422528
-10.947824 -4.566556 -3.422528
-10.521114 -5.478545 -3.422528
-10.018598 -6.351062 -3.422528
-9.443898 -7.177818 -3.422528
-8.801155 -7.952859 -3.422528
-8.094999 -8.670599 -3.422528
-7.330519 -9.325866 -3.422528
-6.513222 -9.913941 -3.422528
-5.648997 -10.430586 -3.422528
-4.744071 -10.872078 -3.422528
-3.804963 -11.235237 -3.422528
-2.838441 -11.517445 -3.422528
-1.851468 -11.716670 -3.422528
-0.851155 -11.831476 -3.422528
0.155290 -11.861036 -3.422528
1.160617 -11.805137 -3.422528
2.157581 -11.664182 -3.422528
3.139000 -11.439186 -3.422528
4.097803 -11.131770 -3.422528
5.027080 -10.744150 -3.422528
5.920138 -10.279118 -3.422528
6.770540 -9.740024 -3.422528
7.572161 -9.130754 -3.422528
8.319225 -8.455696 -3.422528
9.006348 -7.719715 -3.422528
9.628580 -6.928113 -3.422528
10.181438 -6.086593 -3.422528
10.660938 -5.201220 -3.422528
11.063626 -4.278372 -3.422528
11.386601 -3.324698 -3.422528
11.328767 -2.245080 -4.363557
11.481330 -1.249169 -4.363557
11.546512 -0.243752 -4.363557
11.523818 0.763520 -4.363557
11.413422 1.764982 -4.363557
11.216162 2.753011 -4.363557
10.933540 3.720088 -4.363557
10.567708 4.658853 -4.363557
10.121449 5.562161 -4.363557
9.598159 6.423137 -4.363557
9.001822 7.235230 -4.363557
8.336976 7.992258 -4.363557
7.608680 8.688461 -4.363557
6.822477 9.318539 -4.363557
5.984351 9.877697 -4.363557
5.100681 10.361680 -4.363557
4.178192 10.766804 -4.363557
3.223904 11.089986 -4.363557
2.245080 11.328767 -4.363557
1.249169 11.481330 -4.363557
0.243752 11.546512 -4.363557
-0.763520 11.523818 -4.363557
-1.764982 11.413422 -4.363557
-2.753011 11.216162 -4.363557
-3.720088 10.933540 -4.363557
-4.658853 10.567708 -4.363557
-5.562161 10.121449 -4.363557
-6.423137 9.598159 -4.363557
-7.235230 9.001822 -4.363557
-7.992258 8.336976 -4.363557
-8.688461 7.608680 -4.363557
-9.318539 6.822477 -4.363557
-9.877697 5.984351 -4.363557
-10.361680 5.100681 -4.363557
-10.766804 4.178192 -4.363557
-11.089986 3.223904 -4.363557
-11.328767 2.245080 -4.363557
-11.481330 1.249169 -4.363557
-11.546512 0.243752 -4.363557
-11.523818 -0.763520 -4.363557
-11.413422 -1.764982 -4.363557
-11.216162 -2.753011 -4.363557
-10.933540 -3.720088 -4.363557
-10.567708 -4.658853 -4.363557
-10.121449 -5.562161 -4.363557
-9.598159 -6.423137 -4.363557
-9.001822 -7.235230 -4.363557
-8.336976 -7.992258 -4.363557
-7.608680 -8.688461 -4.363557
-6.822477 -9.318539 -4.363557
-5.984351 -9.877697 -4.363557
-5.100681 -10.361680 -4.363557
-4.178192 -10.766804 -4.363557
-3.223904 -11.089986 -4.363557
-2.245080 -11.328767 -4.363557
-1.249169 -11.481330 -4.363557
-0.243752 -11.546512 -4.363557
0.763520 -11.523818 -4.363557
1.764982 -11.413422 -4.363557
2.753011 -11.216162 -4.363557
3.720088 -10.933540 -4.363557
4.658853 -10.567708 -4.363557
5.562161 -10.121449 -4.363557
6.423137 -9.598159 -4.363557
7.235230 -9.001822 -4.363557
7.992258 -8.336976 -4.363557
8.688461 -7.608680 -4.363557
9.318539 -6.822477 -4.363557
9.877697 -5.984351 -4.363557
10.361680 -5.100681 -4.363557
10.766804 -4.178192 -4.363557
11.089986 -3.223904 -4.363557
10.962765 -2.107777 -5.272291
11.109015 -1.102146 -5.272291
11.163212 -0.087383 -5.272291
11.124907 0.928104 -5.272291
10.994418 1.935901 -5.272291
10.772826 2.927656 -5.272291
10.461966 3.895151 -5.272291
10.064415 4.830371 -5.272291
9.583468 5.725564 -5.272291
9.023109 6.573313 -5.272291
8.387981 7.366594 -5.272291
7.683348 8.098833 -5.272291
6.915049 8.763963 -5.272291
6.089449 9.356471 -5.272291
5.213390 9.871449 -5.272291
4.294131 10.304629 -5.272291
3.339290 10.652421 -5.272291
2.356778 10.911945 -5.272291
1.354737 11.081048 -5.272291
0.341471 11.158330 -5.272291
-0.674625 11.143151 -5.272291
-1.685131 11.035636 -5.272291
-2.681673 10.836677 -5.272291
-3.655994 10.547921 -5.272291
-4.600021 10.171762 -5.272291
-5.505930 9.711317 -5.272291
-6.366215 9.170400 -5.272291
-7.173748 8.553495 -5.272291
-7.921837 7.865713 -5.272291
-8.604283 7.112753 -5.272291
-9.215431 6.300854 -5.272291
-9.750218 5.436745 -5.272291
-10.204211 4.527585 -5.272291
-10.573648 3.580908 -5.272291
-10.855469 2.604558 -5.272291
-11.047339 1.606627 -5.272291
-11.147666 0.595382 -5.272291
-11.155621 -0.420796 -5.272291
-11.071136 -1.433488 -5.272291
-10.894912 -2.434301 -5.272291
-10.628410 -3.414943 -5.272291
-10.273838 -4.367287 -5.272291
-9.834133 -5.283443 -5.272291
-9.312940 -6.155818 -5.272291
-8.714576 -6.977184 -5.272291
-8.044001 -7.740736 -5.272291
-7.306771 -8.440145 -5.272291
-6.508994 -9.069616 -5.272291
-5.657282 -9.623934 -5.272291
-4.758692 -10.098504 -5.272291
-3.820670 -10.489396 -5.272291
-2.850989 -10.793368 -5.272291
-1.857683 -11.007904 -5.272291
-0.848984 -11.131225 -5.272291
0.166750 -11.162309 -5.272291
1.181102 -11.100898 -5.272291
2.185667 -10.947502 -5.272291
3.172121 -10.703391 -5.272291
4.132290 -10.370589 -5.272291
5.058217 -9.951853 -5.272291
5.942231 -9.450653 -5.272291
6.777005 -8.871141 -5.272291
7.555623 -8.218121 -5.272291
8.271632 -7.497002 -5.272291
8.919100 -6.713761 -5.272291
9.492662 -5.874888 -5.272291
9.987565 -4.987333 -5.272291
10.399707 -4.058452 -5.272291
10.725674 -3.095941 -5.272291
10.519954 -1.985597 -6.148981
10.659663 -0.991768 -6.148981
10.705695 0.010777 -6.148981
10.657645 1.013226 -6.148981
10.515935 2.006772 -6.148981
10.281811 2.982682 -6.148981
9.957330 3.932380 -6.148981
9.545343 4.847520 -6.148981
9.049471 5.720060 -6.148981
8.474073 6.542332 -6.148981
7.824204 7.307110 -6.148981
7.105576 8.007673 -6.148981
6.324503 8.637863 -6.148981
5.487851 9.192144 -6.148981
4.602971 9.665645 -6.148981
3.677640 10.054203 -6.148981
2.719990 10.354404 -6.148981
1.738436 10.563610 -6.148981
0.741606 10.679983 -6.148981
-0.261743 10.702500 -6.148981
-1.262791 10.630964 -6.148981
-2.252741 10.466001 -6.148981
-3.222895 10.209063 -6.148981
-4.164725 9.862408 -6.148981
-5.069956 9.429081 -6.148981
-5.930631 8.912892 -6.148981
-6.739189 8.318375 -6.148981
-7.488521 7.650756 -6.148981
-8.172045 6.915902 -6.148981
-8.783752 6.120271 -6.148981
-9.318268 5.270855 -6.148981
-9.770894 4.375118 -6.148981
-10.137653 3.440933 -6.148981
-10.415322 2.476509 -6.148981
-10.601461 1.490321 -6.148981
-10.694434 0.491035 -6.148981
-10.693423 -0.512565 -6.148981
-10.598439 -1.511661 -6.148981
-10.410315 -2.497472 -6.148981
-10.130705 -3.461336 -6.148981
-9.762066 -4.394781 -6.148981
-9.307637 -5.289604 -6.148981
-8.771413 -6.137943 -6.148981
-8.158105 -6.932341 -6.148981
-7.473104 -7.665817 -6.148981
-6.722428 -8.331926 -6.148981
-5.912676 -8.924813 -6.148981
-5.050962 -9.439269 -6.148981
-4.144861 -9.870773 -6.148981
-3.202335 -10.215531 -6.148981
-2.231666 -10.470515 -6.148981
-1.241385 -10.633484 -6.148981
-0.240195 -10.703006 -6.148981
0.763105 -10.678469 -6.148981
1.759700 -10.560089 -6.148981
2.740830 -10.348907 -6.148981
3.697874 -10.046778 -6.148981
4.622421 -9.656358 -6.148981
5.506346 -9.181078 -6.148981
6.341880 -8.625113 -6.148981
7.121683 -7.993351 -6.148981
7.838899 -7.291343 -6.148981
8.487227 -6.525259 -6.148981
9.060969 -5.701830 -6.148981
9.555083 -4.828294 -6.148981
9.965226 -3.912326 -6.148981
10.287795 -2.961976 -6.148981
10.007224 -1.835722 -6.993396
10.138968 -0.846003 -6.993396
10.173069 0.151864 -6.993396
10.109198 1.148268 -6.993396
9.947969 2.133613 -6.993396
9.690937 3.098411 -6.993396
9.340575 4.033369 -6.993396
8.900258 4.929484 -6.993396
8.374227 5.778125 -6.993396
7.767548 6.571119 -6.993396
7.086062 7.300830 -6.993396
6.336334 7.960230 -6.993396
5.525584 8.542969 -6.993396
4.661620 9.043434 -6.993396
3.752761 9.456806 -6.993396
2.807761 9.779104 -6.993396
1.835722 10.007224 -6.993396
0.846003 10.138968 -6.993396
-0.151864 10.173069 -6.993396
-1.148268 10.109198 -6.993396
-2.133613 9.947969 -6.993396
-3.098411 9.690937 -6.993396
-4.033369 9.340575 -6.993396
-4.929484 8.900258 -6.993396
-5.778125 8.374227 -6.993396
-6.571119 7.767548 -6.993396
-7.300830 7.086062 -6.993396
-7.960230 6.336334 -6.993396
-8.542969 5.525584 -6.993396
-9.043434 4.661620 -6.993396
-9.456806 3.752761 -6.993396
-9.779104 2.807761 -6.993396
-10.007224 1.835722 -6.993396
-10.138968 0.846003 -6.993396
-10.173069 -0.151864 -6.993396
-10.109198 -1.148268 -6.993396
-9.947969 -2.133613 -6.993396
-9.690937 -3.098411 -6.993396
-9.340575 -4.033369 -6.993396
-8.900258 -4.929484 -6.993396
-8.374227 -5.778125 -6.993396
-7.767548 -6.571119 -6.993396
-7.086062 -7.300830 -6.993396
-6.336334 -7.960230 -6.993396
-5.525584 -8.542969 -6.993396
-4.661620 -9.043434 -6.993396
-3.752761 -9.456806 -6.993396
-2.807761 -9.779104 -6.993396
-1.835722 -10.007224 -6.993396
-0.846003 -10.138968 -6.993396
0.151864 -10.173069 -6.993396
1.148268 -10.109198 -6.993396
2.133613 -9.947969 -6.993396
3.098411 -9.690937 -6.993396
4.033369 -9.340575 -6.993396
4.929484 -8.900258 -6.993396
5.778125 -8.374227 -6.993396
6.571119 -7.767548 -6.993396
7.300830 -7.086062 -6.993396
7.960230 -6.336334 -6.993396
8.542969 -5.525584 -6.993396
9.043434 -4.661620 -6.993396
9.456806 -3.752761 -6.993396
9.779104 -2.807761 -6.993396
9.439478 -1.642426 -7.785929
9.560580 -0.629766 -7.785929
9.573358 0.390029 -7.785929
9.477665 1.405405 -7.785929
9.274587 2.404857 -7.785929
8.966424 3.377062 -7.785929
8.556668 4.311002 -7.785929
8.049961 5.196098 -7.785929
7.452045 6.022319 -7.785929
6.769694 6.780305 -7.785929
6.010640 7.461468 -7.785929
5.183484 8.058089 -7.785929
4.297596 8.563409 -7.785929
3.363014 8.971702 -7.785929
2.390329 9.278342 -7.785929
1.390560 9.479855 -7.785929
0.375035 9.573957 -7.785929
-0.644739 9.559582 -7.785929
-1.657208 9.436894 -7.785929
-2.650900 9.207282 -7.785929
-3.614556 8.873347 -7.785929
-4.537258 8.438874 -7.785929
-5.408550 7.908785 -7.785929
-6.218562 7.289087 -7.785929
-6.958115 6.586800 -7.785929
-7.618830 5.809882 -7.785929
-8.193221 4.967136 -7.785929
-8.674779 4.068110 -7.785929
-9.058048 3.122991 -7.785929
-9.338686 2.142487 -7.785929
-9.513513 1.137708 -7.785929
-9.580548 0.120038 -7.785929
-9.539031 -0.898991 -7.785929
-9.389434 -1.907835 -7.785929
-9.133450 -2.895063 -7.785929
-8.773981 -3.849488 -7.785929
-8.315099 -4.760297 -7.785929
-7.762004 -5.617170 -7.785929
-7.120962 -6.410398 -7.785929
-6.399237 -7.130993 -7.785929
-5.605006 -7.770792 -7.785929
-4.747268 -8.322545 -7.785929
-3.835741 -8.779999 -7.785929
-2.880754 -9.137973 -7.785929
-1.893127 -9.392410 -7.785929
-0.884050 -9.540428 -7.785929
0.135043 -9.580348 -7.785929
1.152607 -9.511719 -7.785929
2.157111 -9.335319 -7.785929
3.137174 -9.053145 -7.785929
4.081692 -8.668396 -7.785929
4.979962 -8.185431 -7.785929
5.821808 -7.609721 -7.785929
6.597690 -6.947791 -7.785929
7.298817 -6.207138 -7.785929
7.917246 -5.396157 -7.785929
8.445970 -4.524035 -7.785929
8.878997 -3.600654 -7.785929
9.211422 -2.636476 -7.785929
8.805641 -1.471826 -8.527391
8.915065 -0.476652 -8.527391
8.912377 0.524515 -8.527391
8.797611 1.519087 -8.527391
8.572210 2.494555 -8.527391
8.239008 3.438653 -8.527391
7.802196 4.339508 -8.527391
7.267267 5.185790 -8.527391
6.640947 5.966859 -8.527391
5.931114 6.672891 -8.527391
5.146694 7.295007 -8.527391
4.297551 7.825385 -8.527391
3.394364 8.257353 -8.527391
2.448490 8.585481 -8.527391
1.471826 8.805641 -8.527391
0.476652 8.915065 -8.527391
-0.524515 8.912377 -8.527391
-1.519087 8.797611 -8.527391
-2.494555 8.572210 -8.527391
-3.438653 8.239008 -8.527391
-4.339508 7.802196 -8.527391
-5.185790 7.267267 -8.527391
-5.966859 6.640947 -8.527391
-6.672891 5.931114 -8.527391
-7.295007 5.146694 -8.527391
-7.825385 4.297551 -8.527391
-8.257353 3.394364 -8.527391
-8.585481 2.448490 -8.527391
-8.805641 1.471826 -8.527391
-8.915065 0.476652 -8.527391
-8.912377 -0.524515 -8.527391
-8.797611 -1.519087 -8.527391
-8.572210 -2.494555 -8.527391
-8.239008 -3.438653 -8.527391
-7.802196 -4.339508 -8.527391
-7.267267 -5.185790 -8.527391
-6.640947 -5.966859 -8.527391
-5.931114 -6.672891 -8.527391
-5.146694 -7.295007 -8.527391
-4.297551 -7.825385 -8.527391
-3.394364 -8.257353 -8.527391
-2.448490 -8.585481 -8.527391
-1.471826 -8.805641 -8.527391
-0.476652 -8.915065 -8.527391
0.524515 -8.912377 -8.527391
1.519087 -8.797611 -8.527391
2.494555 -8.572210 -8.527391
3.438653 -8.239008 -8.527391
4.339508 -7.802196 -8.527391
5.185790 -7.267267 -8.527391
5.966859 -6.640947 -8.527391
6.672891 -5.931114 -8.527391
7.295007 -5.146694 -8.527391
7.825385 -4.297551 -8.527391
8.257353 -3.394364 -8.527391
8.585481 -2.448490 -8.527391
8.117450 -1.256032 -9.216907
8.210275 -0.248972 -9.216907
8.178641 0.761862 -9.216907
8.023028 1.761147 -9.216907
7.745793 2.733734 -9.216907
7.351140 3.664881 -9.216907
6.845051 4.540472 -9.216907
6.235198 5.347234 -9.216907
5.530826 6.072938 -9.216907
4.742612 6.706582 -9.216907
3.882505 7.238561 -9.216907
2.963543 7.660811 -9.216907
1.999657 7.966930 -9.216907
1.005458 8.152280 -9.216907
-0.003982 8.214049 -9.216907
-1.013362 8.151301 -9.216907
-2.007381 7.964988 -9.216907
-2.970970 7.657934 -9.216907
-3.889522 7.234793 -9.216907
-4.749112 6.701980 -9.216907
-5.536712 6.067572 -9.216907
-6.240380 5.341186 -9.216907
-6.849450 4.533833 -9.216907
-7.354690 3.657752 -9.216907
-7.748440 2.726223 -9.216907
-8.024731 1.753367 -9.216907
-8.179376 0.753932 -9.216907
-8.210030 -0.256932 -9.216907
-8.116228 -1.263901 -9.216907
-7.899393 -2.251711 -9.216907
-7.562810 -3.205387 -9.216907
-7.111584 -4.110473 -9.216907
-6.552552 -4.953248 -9.216907
-5.894191 -5.720937 -9.216907
-5.146480 -6.401902 -9.216907
-4.320754 -6.985821 -9.216907
-3.429529 -7.463842 -9.216907
-2.486316 -7.828719 -9.216907
-1.505413 -8.074920 -9.216907
-0.501690 -8.198714 -9.216907
0.509639 -8.198224 -9.216907
1.513242 -8.073457 -9.216907
2.493905 -7.826305 -9.216907
3.436764 -7.460513 -9.216907
4.327525 -6.981628 -9.216907
5.152685 -6.396909 -9.216907
5.899735 -5.715219 -9.216907
6.557352 -4.946892 -9.216907
7.115566 -4.103576 -9.216907
7.565915 -3.198053 -9.216907
7.901572 -2.244051 -9.216907
7.381971 -1.031131 -9.842015
7.453620 -0.016349 -9.842015
7.386423 0.998738 -9.842015
7.181631 1.995220 -9.842015
6.843058 2.954535 -9.842015
6.377013 3.858812 -9.842015
5.792175 4.691208 -9.842015
5.099440 5.436214 -9.842015
4.311713 6.079955 -9.842015
3.443666 6.610437 -9.842015
2.511471 7.017780 -9.842015
1.532491 7.294395 -9.842015
0.524964 7.435128 -9.842015
-0.492342 7.437360 -9.842015
-1.500477 7.301047 -9.842015
-2.480660 7.028730 -9.842015
-3.414634 6.625481 -9.842015
-4.284999 6.098812 -9.842015
-5.075543 5.458533 -9.842015
-5.771539 4.716572 -9.842015
-6.360023 3.886751 -9.842015
-6.830031 2.984526 -9.842015
-7.172809 2.026706 -9.842015
-7.381971 1.031131 -9.842015
-7.453620 0.016349 -9.842015
-7.386423 -0.998738 -9.842015
-7.181631 -1.995220 -9.842015
-6.843058 -2.954535 -9.842015
-6.377013 -3.858812 -9.842015
-5.792175 -4.691208 -9.842015
-5.099440 -5.436214 -9.842015
-4.311713 -6.079955 -9.842015
-3.443666 -6.610437 -9.842015
-2.511471 -7.017780 -9.842015
-1.532491 -7.294395 -9.842015
-0.524964 -7.435128 -9.842015
0.492342 -7.437360 -9.842015
1.500477 -7.301047 -9.842015
2.480660 -7.028730 -9.842015
3.414634 -6.625481 -9.842015
4.284999 -6.098812 -9.842015
5.075543 -5.458533 -9.842015
5.771539 -4.716572 -9.842015
6.360023 -3.886751 -9.842015
6.830031 -2.984526 -9.842015
7.172809 -2.026706 -9.842015
6.588136 -0.811266 -10.409625
6.635465 0.179706 -10.409625
6.534568 1.166664 -10.409625
6.287700 2.127560 -10.409625
5.900376 3.040930 -10.409625
5.381246 3.886371 -10.409625
4.741909 4.644996 -10.409625
3.996645 5.299860 -10.409625
3.162102 5.836334 -10.409625
2.256924 6.242434 -10.409625
1.301329 6.509088 -10.409625
0.316665 6.630340 -10.409625
-0.675072 6.603481 -10.409625
-1.651730 6.429112 -10.409625
-2.591491 6.111126 -10.409625
-3.473362 5.656628 -10.409625
-4.277644 5.075770 -10.409625
-4.986371 4.381528 -10.409625
-5.583710 3.589410 -10.409625
-6.056319 2.717111 -10.409625
-6.393639 1.784115 -10.409625
-6.588136 0.811266 -10.409625
-6.635465 -0.179706 -10.409625
-6.534568 -1.166664 -10.409625
-6.287700 -2.127560 -10.409625
-5.900376 -3.040930 -10.409625
-5.381246 -3.886371 -10.409625
-4.741909 -4.644996 -10.409625
-3.996645 -5.299860 -10.409625
-3.162102 -5.836334 -10.409625
-2.256924 -6.242434 -10.409625
-1.301329 -6.509088 -10.409625
-0.316665 -6.630340 -10.409625
0.675072 -6.603481 -10.409625
1.651730 -6.429112 -10.409625
2.591491 -6.111126 -10.409625
3.473362 -5.656628 -10.409625
4.277644 -5.075770 -10.409625
4.986371 -4.381528 -10.409625
5.583710 -3.589410 -10.409625
6.056319 -2.717111 -10.409625
6.393639 -1.784115 -10.409625
5.753839 -0.490975 -10.912116
5.751682 0.515628 -10.912116
5.574763 1.506564 -10.912116
5.228458 2.451723 -10.912116
4.723289 3.322388 -10.912116
4.074605 4.092104 -10.912116
3.302116 4.737483 -10.912116
2.429294 5.238917 -10.912116
1.482659 5.581168 -10.912116
0.490975 5.753839 -10.912116
-0.515628 5.751682 -10.912116
-1.506564 5.574763 -10.912116
-2.451723 5.228458 -10.912116
-3.322388 4.723289 -10.912116
-4.092104 4.074605 -10.912116
-4.737483 3.302116 -10.912116
-5.238917 2.429294 -10.912116
-5.581168 1.482659 -10.912116
-5.753839 0.490975 -10.912116
-5.751682 -0.515628 -10.912116
-5.574763 -1.506564 -10.912116
-5.228458 -2.451723 -10.912116
-4.723289 -3.322388 -10.912116
-4.074605 -4.092104 -10.912116
-3.302116 -4.737483 -10.912116
-2.429294 -5.238917 -10.912116
-1.482659 -5.581168 -10.912116
-0.490975 -5.753839 -10.912116
0.515628 -5.751682 -10.912116
1.506564 -5.574763 -10.912116
2.451723 -5.228458 -10.912116
3.322388 -4.723289 -10.912116
4.092104 -4.074605 -10.912116
4.737483 -3.302116 -10.912116
5.238917 -2.429294 -10.912116
5.581168 -1.482659 -10.912116
4.885026 -0.160109 -11.337234
4.811565 0.859043 -11.337234
4.527815 1.840652 -11.337234
4.046179 2.741815 -11.337234
3.387705 3.523147 -11.337234
2.581172 4.150502 -11.337234
1.661829 4.596459 -11.337234
0.669857 4.841529 -11.337234
-0.351392 4.875001 -11.337234
-1.357283 4.695412 -11.337234
-2.303854 4.310611 -11.337234
-3.149736 3.737416 -11.337234
-3.857959 3.000877 -11.337234
-4.397571 2.133186 -11.337234
-4.744987 1.172265 -11.337234
-4.885026 0.160109 -11.337234
-4.811565 -0.859043 -11.337234
-4.527815 -1.840652 -11.337234
-4.046179 -2.741815 -11.337234
-3.387705 -3.523147 -11.337234
-2.581172 -4.150502 -11.337234
-1.661829 -4.596459 -11.337234
-0.669857 -4.841529 -11.337234
0.351392 -4.875001 -11.337234
1.357283 -4.695412 -11.337234
2.303854 -4.310611 -11.337234
3.149736 -3.737416 -11.337234
3.857959 -3.000877 -11.337234
4.397571 -2.133186 -11.337234
4.744987 -1.172265 -11.337234
3.962253 0.119173 -11.692234
3.808134 1.100801 -11.692234
3.414736 2.013262 -11.692234
2.806778 2.799222 -11.692234
2.022460 3.409297 -11.692234
1.111063 3.805153 -11.692234
0.129854 3.961917 -11.692234
-0.859514 3.869739 -11.692234
-1.794876 3.534412 -11.692234
-2.617459 2.977004 -11.692234
-3.275578 2.232541 -11.692234
-3.727880 1.347798 -11.692234
-3.945945 0.378369 -11.692234
-3.916073 -0.614835 -11.692234
-3.640139 -1.569407 -11.692234
-3.135482 -2.425367 -11.692234
-2.433810 -3.128932 -11.692234
-1.579214 -3.635895 -11.692234
-0.625390 -3.914401 -11.692234
0.367730 -3.946951 -11.692234
1.337744 -3.731500 -11.692234
2.223702 -3.281584 -11.692234
2.969937 -2.625475 -11.692234
3.529560 -1.804398 -11.692234
3.867408 -0.869943 -11.692234
2.979698 0.347350 -11.975923
2.705465 1.296036 -11.975923
2.138054 2.104276 -11.975923
1.338951 2.684486 -11.975923
0.394751 2.973789 -11.975923
-0.592225 2.940837 -11.975923
-1.515025 2.589199 -11.975923
-2.273648 1.956981 -11.975923
-2.785887 1.112694 -11.975923
-2.996231 0.147830 -11.975923
-2.881887 -0.833055 -11.975923
-2.455246 -1.723665 -11.975923
-1.762541 -2.427489 -11.975923
-0.878837 -2.868257 -11.975923
0.100102 -2.998205 -11.975923
1.068194 -2.803251 -11.975923
1.920530 -2.304521 -11.975923
2.564747 -1.556060 -11.975923
2.931034 -0.638977 -11.975923
1.945853 0.650741 -12.174243
1.359788 1.536484 -12.174243
0.409368 2.010528 -12.174243
-0.650741 1.945853 -12.174243
-1.536484 1.359788 -12.174243
-2.010528 0.409368 -12.174243
-1.945853 -0.650741 -12.174243
-1.359788 -1.536484 -12.174243
-0.409368 -2.010528 -12.174243
0.650741 -1.945853 -12.174243
1.536484 -1.359788 -12.174243
2.010528 -0.409368 -12.174243
0.800863 0.722686 -12.298713
-0.065689 1.076727 -12.298713
-0.882776 0.619970 -12.298713
-1.035114 -0.303637 -12.298713
-0.407990 -0.998599 -12.298713
0.526358 -0.941596 -12.298713
1.064349 -0.175552 -12.298713
0.000000 0.000000 -12.345930
