50 7.289852 50
48.714148 9.843630 41.459120
34.098751 10.195753 40.989371
49.594344 7.358685 7.949656
24.313497 32.842486 33.086819
42.427226 18.228120 16.140784
0.497288 40.004386 24.587915
8.879821 17.303474 33.783411
48.550679 38.995307 41.296477
48.846958 24.421960 41.608789
7.897577 16.960074 0.267559
32.092399 23.626777 24.893703
41.378972 49.532199 34.217758
24.111871 16.101922 49.818139
17.766312 42.967220 41.283884
15.548692 25.686072 23.892709
5.958040 49.417317 34.290733
25.451431 34.752200 18.208624
7.623651 32.081317 0.376437
21.734224 30.246123 47.199721
48.585002 43.031302 10.454668
40.289246 32.802462 17.071539
4.408342 30.253228 14.479190
6.724707 47.943474 49.401002
31.094764 25.762712 8.213143
7.085747 16.082232 16.913268
23.359294 18.204403 35.232875
41.017896 17.329510 1.657206
10.048458 31.820829 35.921006
31.893623 39.953600 43.311373
48.299286 10.045559 26.859344
38.642281 34.941406 31.399140
23.994654 13.818692 16.631665
33.119775 41.435514 7.763647
26.334834 1.693143 49.933361
17.638827 40.743832 6.558534
17.456680 7.127714 27.814395
40.949219 49.953903 48.839290
27.378291 46.953263 31.071683
38.442272 46.927479 20.176427
7.238327 1.649765 18.974424
34.303576 25.450061 41.580385
14.956468 41.375016 25.861192
35.192650 7.050654 10.200003
16.655211 24.158699 9.435514
43.199227 31.840382 2.817621
48.829872 25.454465 27.065702
15.299975 7.305450 42.232605
15.011724 6.619080 7.685140
33.748562 9.224886 26.446245
24.093821 49.224170 16.824971
