4.373911
242
0.000000 0.000000 4.373911
0.882848 0.509713 4.253454
0.000000 1.019425 4.253454
-0.882848 0.509713 4.253454
-0.882848 -0.509713 4.253454
-0.000000 -1.019425 4.253454
0.882848 -0.509713 4.253454
1.856328 0.497402 3.929088
1.358927 1.358927 3.929088
0.497402 1.856328 3.929088
-0.497402 1.856328 3.929088
-1.358927 1.358927 3.929088
-1.856328 0.497402 3.929088
-1.856328 -0.497402 3.929088
-1.358927 -1.358927 3.929088
-0.497402 -1.856328 3.929088
0.497402 -1.856328 3.929088
1.358927 -1.358927 3.929088
1.856328 -0.497402 3.929088
2.729316 0.337963 3.401134
2.422926 1.301084 3.401134
1.789305 2.088486 3.401134
0.914029 2.593827 3.401134
-0.084691 2.748857 3.401134
-1.071974 2.532639 3.401134
-1.914481 1.974374 3.401134
-2.498426 1.149458 3.401134
-2.744945 0.169302 3.401134
-2.620744 -0.833719 3.401134
-2.142597 -1.724142 3.401134
-1.375081 -2.381709 3.401134
-0.421852 -2.717614 3.401134
0.588350 -2.686490 3.401134
1.519093 -2.292541 3.401134
2.244673 -1.588971 3.401134
2.667098 -0.670802 3.401134
3.426996 0.211370 2.709635
3.212442 1.212104 2.709635
2.712448 2.105137 2.709635
1.971441 2.811120 2.709635
1.055264 3.267323 2.709635
0.045321 3.433209 2.709635
-0.968649 3.294040 2.709635
-1.896550 2.862181 2.709635
-2.655934 2.176004 2.709635
-3.179327 1.296480 2.709635
-3.420222 0.301758 2.709635
-3.357216 -0.719776 2.709635
-2.995907 -1.677355 2.709635
-2.368398 -2.485894 2.709635
-1.530446 -3.073550 2.709635
-0.556508 -3.388108 2.709635
0.466879 -3.401618 2.709635
1.448781 -3.112878 2.709635
2.301953 -2.547546 2.709635
2.950586 -1.755854 2.709635
3.337046 -0.808145 2.709635
3.940300 0.169142 1.891171
3.762260 1.183203 1.891171
3.327829 2.116631 1.891171
2.666611 2.905814 1.891171
1.823668 3.496971 1.891171
0.856446 3.849814 1.891171
-0.169142 3.940300 1.891171
-1.183203 3.762260 1.891171
-2.116631 3.327829 1.891171
-2.905814 2.666611 1.891171
-3.496971 1.823668 1.891171
-3.849814 0.856446 1.891171
-3.940300 -0.169142 1.891171
-3.762260 -1.183203 1.891171
-3.327829 -2.116631 1.891171
-2.666611 -2.905814 1.891171
-1.823668 -3.496971 1.891171
-0.856446 -3.849814 1.891171
0.169142 -3.940300 1.891171
1.183203 -3.762260 1.891171
2.116631 -3.327829 1.891171
2.905814 -2.666611 1.891171
3.496971 -1.823668 1.891171
3.849814 -0.856446 1.891171
4.264585 0.120957 0.964251
4.121738 1.101177 0.964251
3.756687 2.022033 0.964251
3.189112 2.833881 0.964251
2.449611 3.492953 0.964251
1.578051 3.963719 0.964251
0.621418 4.220800 0.964251
-0.368716 4.250337 0.964251
-1.338972 4.050737 0.964251
-2.237044 3.632761 0.964251
-3.014517 3.018941 0.964251
-3.629476 2.242370 0.964251
-4.048769 1.344912 0.964251
-4.249792 0.374949 0.964251
-4.221707 -0.615227 0.964251
-3.966029 -1.572236 0.964251
-3.496542 -2.444486 0.964251
-2.838555 -3.184952 0.964251
-2.027541 -3.753717 0.964251
-1.107221 -4.120119 0.964251
-0.127211 -4.264403 0.964251
0.859657 -4.178793 0.964251
1.800180 -3.867902 0.964251
2.643656 -3.348492 0.964251
3.344611 -2.648564 0.964251
3.865258 -1.805851 0.964251
4.177527 -0.865785 0.964251
4.370094 0.182694 0.000000
4.199385 1.223217 0.000000
3.784624 2.192651 0.000000
3.149914 3.034656 0.000000
2.332142 3.700299 0.000000
1.378835 4.150893 0.000000
0.345395 4.360252 0.000000
-0.708118 4.316210 0.000000
-1.720478 4.021325 0.000000
-2.632850 3.492735 0.000000
-3.392211 2.761160 0.000000
-3.954428 1.869117 0.000000
-4.286828 0.868447 0.000000
-4.370094 -0.182694 0.000000
-4.199385 -1.223217 0.000000
-3.784624 -2.192651 0.000000
-3.149914 -3.034656 0.000000
-2.332142 -3.700299 0.000000
-1.378835 -4.150893 0.000000
-0.345395 -4.360252 0.000000
0.708118 -4.316210 0.000000
1.720478 -4.021325 0.000000
2.632850 -3.492735 0.000000
3.392211 -2.761160 0.000000
3.954428 -1.869117 0.000000
4.286828 -0.868447 0.000000
4.263332 0.159121 -0.964251
4.111717 1.138024 -0.964251
3.738439 2.055576 -0.964251
3.163620 2.862311 -0.964251
2.418250 3.514738 -0.964251
1.542512 3.977685 -0.964251
0.583616 4.226193 -0.964251
-0.406743 4.246867 -0.964251
-1.375174 4.038591 -0.964251
-2.269469 3.612593 -0.964251
-3.041416 2.991839 -0.964251
-3.649400 2.209795 -0.964251
-4.060644 1.308620 -0.964251
-4.252977 0.336897 -0.964251
-4.216032 -0.652988 -0.964251
-3.951799 -1.607670 -0.964251
-3.474523 -2.475683 -0.964251
-2.809935 -3.210231 -0.964251
-1.993863 -3.771714 -0.964251
-1.070301 -4.129864 -0.964251
-0.089039 -4.265371 -0.964251
0.897024 -4.170931 -0.964251
1.834727 -3.851635 -0.964251
2.673520 -3.324697 -0.964251
3.368183 -2.618523 -0.964251
3.881266 -1.771184 -0.964251
4.185109 -0.828360 -0.964251
3.931017 0.318870 -1.891171
3.714541 1.325426 -1.891171
3.244926 2.241658 -1.891171
2.554174 3.005124 -1.891171
1.689359 3.563795 -1.891171
0.709418 3.879600 -1.891171
-0.318870 3.931017 -1.891171
-1.325426 3.714541 -1.891171
-2.241658 3.244926 -1.891171
-3.005124 2.554174 -1.891171
-3.563795 1.689359 -1.891171
-3.879600 0.709418 -1.891171
-3.931017 -0.318870 -1.891171
-3.714541 -1.325426 -1.891171
-3.244926 -2.241658 -1.891171
-2.554174 -3.005124 -1.891171
-1.689359 -3.563795 -1.891171
-0.709418 -3.879600 -1.891171
0.318870 -3.931017 -1.891171
1.325426 -3.714541 -1.891171
2.241658 -3.244926 -1.891171
3.005124 -2.554174 -1.891171
3.563795 -1.689359 -1.891171
3.879600 -0.709418 -1.891171
3.401318 0.469053 -2.709635
3.111952 1.450771 -2.709635
2.546074 2.303581 -2.709635
1.753967 2.951708 -2.709635
0.806012 3.337562 -2.709635
-0.213561 3.426860 -2.709635
-1.214158 3.211666 -2.709635
-2.106871 2.711102 -2.709635
-2.812380 1.969644 -2.709635
-3.267997 1.053174 -2.709635
-3.433237 0.043126 -2.709635
-3.293420 -0.970754 -2.709635
-2.860967 -1.898379 -2.709635
-2.174306 -2.657324 -2.709635
-1.294447 -3.180155 -2.709635
-0.299572 -3.420414 -2.709635
0.721922 -3.356755 -2.709635
1.679270 -2.994834 -2.709635
2.487408 -2.366808 -2.709635
3.074528 -1.528481 -2.709635
3.388463 -0.554342 -2.709635
2.686114 0.590068 -3.401134
2.291569 1.520558 -3.401134
1.587536 2.245688 -3.401134
0.669097 2.667526 -3.401134
-0.339707 2.729100 -3.401134
-1.302632 2.422093 -3.401134
-2.089629 1.787970 -3.401134
-2.594411 0.912371 -3.401134
-2.748802 -0.086449 -3.401134
-2.531953 -1.073593 -3.401134
-1.973149 -1.915742 -3.401134
-1.147861 -2.499160 -3.401134
-0.167547 -2.745053 -3.401134
0.835394 -2.620211 -3.401134
1.725511 -2.141494 -3.401134
2.382588 -1.373558 -3.401134
2.717883 -0.420114 -3.401134
1.780672 0.722891 -3.929088
1.180661 1.516378 -3.929088
0.264294 1.903552 -3.929088
-0.722891 1.780672 -3.929088
-1.516378 1.180661 -3.929088
-1.903552 0.264294 -3.929088
-1.780672 -0.722891 -3.929088
-1.180661 -1.516378 -3.929088
-0.264294 -1.903552 -3.929088
0.722891 -1.780672 -3.929088
1.516378 -1.180661 -3.929088
1.903552 -0.264294 -3.929088
0.396757 0.939048 -4.253454
-0.614861 0.813126 -4.253454
-1.011618 -0.125922 -4.253454
-0.396757 -0.939048 -4.253454
0.614861 -0.813126 -4.253454
1.011618 0.125922 -4.253454
0.000000 0.000000 -4.373911
