110 15.089470 50
107.171125 75.017252 109.107558
53.489694 93.339898 1.094033
19.535607 106.811494 107.463307
17.374669 70.603277 91.033737
53.046116 39.085886 34.207121
13.107687 55.993148 16.772032
47.815293 106.887004 88.636341
9.698353 14.794355 68.408481
15.588644 51.390446 90.239370
22.106608 70.165972 106.258430
85.013017 52.788238 72.863505
57.936635 38.805420 38.404696
90.088282 60.232241 84.572999
15.924319 75.467867 32.904229
77.423830 36.641464 95.038300
107.425718 33.659945 33.025793
74.246836 53.006406 21.655987
22.430657 16.189107 72.253470
40.101865 88.009649 38.067643
85.789675 53.728313 37.312163
51.978910 108.970838 35.424228
94.527883 56.509357 108.718098
76.454839 70.578898 66.541470
94.668865 72.165416 66.557103
105.475642 56.677967 35.380911
40.049687 38.124922 70.005824
87.897919 22.100229 76.871093
30.401123 91.158132 3.724914
89.636431 15.680970 109.898586
103.297178 103.240454 3.629484
55.990133 91.025035 15.511438
53.149137 70.048840 55.999823
16.071991 14.561977 20.294748
108.293175 91.210063 90.176617
17.489243 72.791002 35.509725
54.093414 74.323503 90.852250
91.539336 0.588630 54.766146
75.279067 109.599907 90.824546
52.563960 75.439612 40.058974
0.828162 103.839385 23.000269
37.557385 31.854218 108.682205
18.068914 37.209190 77.512326
3.645853 79.026214 95.285021
59.090557 69.078109 36.589663
17.080024 109.853395 14.428775
61.191670 107.446439 68.357702
44.388139 41.743734 91.476848
56.894623 22.440006 20.758131
6.198767 59.544544 92.911732
16.907308 58.181738 37.014936
