6.858850
593
0.000000 0.000000 6.858850
0.969202 0.466743 6.773966
0.239373 1.048763 6.773966
-0.670709 0.841042 6.773966
-1.075733 0.000000 6.773966
-0.670709 -0.841042 6.773966
0.239373 -1.048763 6.773966
0.969202 -0.466743 6.773966
2.059489 0.142426 6.540798
1.757398 1.083204 6.540798
1.052709 1.775833 6.540798
0.106857 2.061641 6.540798
-0.863475 1.875151 6.540798
-1.635996 1.259087 6.540798
-2.033729 0.354581 6.540798
-1.965559 -0.631155 6.540798
-1.447104 -1.472301 6.540798
-0.597134 -1.976161 6.540798
0.389631 -2.027306 6.540798
1.287137 -1.614019 6.540798
1.889776 -0.830980 6.540798
2.988457 -0.212126 6.169923
2.895411 0.769718 6.169923
2.488603 1.668151 6.169923
1.812116 2.385814 6.169923
0.939258 2.844937 6.169923
-0.035383 2.995767 6.169923
-1.006190 2.821959 6.169923
-1.867960 2.342348 6.169923
-2.527308 1.608908 6.169923
-2.912783 0.701117 6.169923
-2.982613 -0.282651 6.169923
-2.729230 -1.235789 6.169923
-2.180093 -2.055010 6.169923
-1.394709 -2.651539 6.169923
-0.458186 -2.960732 6.169923
0.527988 -2.949085 6.169923
1.456946 -2.617858 6.169923
2.228022 -2.002945 6.169923
2.757657 -1.170983 6.169923
3.843254 -0.594761 5.649733
3.873912 0.342273 5.649733
3.679432 1.259415 5.649733
3.271116 2.103364 5.649733
2.672696 2.825074 5.649733
1.918948 3.382600 5.649733
1.053677 3.743542 5.649733
0.127171 3.886923 5.649733
-0.806726 3.804410 5.649733
-1.693739 3.500799 5.649733
-2.482318 2.993734 5.649733
-3.126634 2.312684 5.649733
-3.589241 1.497229 5.649733
-3.843254 0.594761 5.649733
-3.873912 -0.342273 5.649733
-3.679432 -1.259415 5.649733
-3.271116 -2.103364 5.649733
-2.672696 -2.825074 5.649733
-1.918948 -3.382600 5.649733
-1.053677 -3.743542 5.649733
-0.127171 -3.886923 5.649733
0.806726 -3.804410 5.649733
1.693739 -3.500799 5.649733
2.482318 -2.993734 5.649733
3.126634 -2.312684 5.649733
3.589241 -1.497229 5.649733
4.622445 -0.830177 4.998763
4.694037 0.149024 4.998763
4.560478 1.121713 4.998763
4.227603 2.045378 4.998763
3.709962 2.879649 4.998763
3.030177 3.588066 4.998763
2.217960 4.139668 4.998763
1.308807 4.510346 4.998763
0.342453 4.683900 4.998763
-0.638869 4.652746 4.998763
-1.592268 4.418244 4.998763
-2.476078 3.990643 4.998763
-3.251671 3.388633 4.998763
-3.885150 2.638523 4.998763
-4.348830 1.773096 4.998763
-4.622445 0.830177 4.998763
-4.694037 -0.149024 4.998763
-4.560478 -1.121713 4.998763
-4.227603 -2.045378 4.998763
-3.709962 -2.879649 4.998763
-3.030177 -3.588066 4.998763
-2.217960 -4.139668 4.998763
-1.308807 -4.510346 4.998763
-0.342453 -4.683900 4.998763
0.638869 -4.652746 4.998763
1.592268 -4.418244 4.998763
2.476078 -3.990643 4.998763
3.251671 -3.388633 4.998763
3.885150 -2.638523 4.998763
4.348830 -1.773096 4.998763
5.275323 -1.048411 4.256245
5.378146 -0.061222 4.256245
5.297822 0.928052 4.256245
5.037087 1.885723 4.256245
4.604821 2.779177 4.256245
4.015742 3.577990 4.256245
3.289913 4.254958 4.256245
2.452049 4.787030 4.256245
1.530684 5.156084 4.256245
0.557193 5.349555 4.256245
-0.435272 5.360852 4.256245
-1.412915 5.189593 4.256245
-2.342442 4.841607 4.256245
-3.192201 4.328747 4.256245
-3.933253 3.668477 4.256245
-4.540362 2.883281 4.256245
-4.992856 1.999898 4.256245
-5.275323 1.048411 4.256245
-5.378146 0.061222 4.256245
-5.297822 -0.928052 4.256245
-5.037087 -1.885723 4.256245
-4.604821 -2.779177 4.256245
-4.015742 -3.577990 4.256245
-3.289913 -4.254958 4.256245
-2.452049 -4.787030 4.256245
-1.530684 -5.156084 4.256245
-0.557193 -5.349555 4.256245
0.435272 -5.360852 4.256245
1.412915 -5.189593 4.256245
2.342442 -4.841607 4.256245
3.192201 -4.328747 4.256245
3.933253 -3.668477 4.256245
4.540362 -2.883281 4.256245
4.992856 -1.999898 4.256245
5.812987 -1.243686 3.421440
5.938409 -0.269938 3.421440
5.901847 0.711174 3.421440
5.704298 1.672886 3.421440
5.351151 2.588967 3.421440
4.852039 3.434427 3.421440
4.220575 4.186206 3.421440
3.473985 4.823795 3.421440
2.632634 5.329804 3.421440
1.719471 5.690430 3.421440
0.759406 5.895835 3.421440
-0.221374 5.940418 3.421440
-1.196115 5.822961 3.421440
-2.138230 5.546670 3.421440
-3.022019 5.119079 3.421440
-3.823375 4.551854 3.421440
-4.520440 3.860465 3.421440
-5.094199 3.063774 3.421440
-5.529001 2.183510 3.421440
-5.812987 1.243686 3.421440
-5.938409 0.269938 3.421440
-5.901847 -0.711174 3.421440
-5.704298 -1.672886 3.421440
-5.351151 -2.588967 3.421440
-4.852039 -3.434427 3.421440
-4.220575 -4.186206 3.421440
-3.473985 -4.823795 3.421440
-2.632634 -5.329804 3.421440
-1.719471 -5.690430 3.421440
-0.759406 -5.895835 3.421440
0.221374 -5.940418 3.421440
1.196115 -5.822961 3.421440
2.138230 -5.546670 3.421440
3.022019 -5.119079 3.421440
3.823375 -4.551854 3.421440
4.520440 -3.860465 3.421440
5.094199 -3.063774 3.421440
5.529001 -2.183510 3.421440
6.231734 -1.410445 2.493986
6.372346 -0.465899 2.493986
6.370611 0.489053 2.493986
6.226567 1.433081 2.493986
5.943432 2.345097 2.493986
5.527530 3.204726 2.493986
4.988152 3.992768 2.493986
4.337348 4.691617 2.493986
3.589654 5.285664 2.493986
2.761773 5.761638 2.493986
1.872199 6.108906 2.493986
0.940803 6.319711 2.493986
-0.011609 6.389345 2.493986
-0.963762 6.316251 2.493986
-1.894386 6.102062 2.493986
-2.782692 5.751563 2.493986
-3.608838 5.272584 2.493986
-4.354368 4.675825 2.493986
-5.002629 3.974615 2.493986
-5.539139 3.184618 2.493986
-5.951915 2.323483 2.493986
-6.231734 1.410445 2.493986
-6.372346 0.465899 2.493986
-6.370611 -0.489053 2.493986
-6.226567 -1.433081 2.493986
-5.943432 -2.345097 2.493986
-5.527530 -3.204726 2.493986
-4.988152 -3.992768 2.493986
-4.337348 -4.691617 2.493986
-3.589654 -5.285664 2.493986
-2.761773 -5.761638 2.493986
-1.872199 -6.108906 2.493986
-0.940803 -6.319711 2.493986
0.011609 -6.389345 2.493986
0.963762 -6.316251 2.493986
1.894386 -6.102062 2.493986
2.782692 -5.751563 2.493986
3.608838 -5.272584 2.493986
4.354368 -4.675825 2.493986
5.002629 -3.974615 2.493986
5.539139 -3.184618 2.493986
5.951915 -2.323483 2.493986
6.523423 -1.488397 1.507798
6.670617 -0.522718 1.507798
6.675639 0.454102 1.507798
6.538382 1.421244 1.507798
6.261770 2.358094 1.507798
5.851699 3.244686 1.507798
5.316910 4.062123 1.507798
4.668799 4.792983 1.507798
3.921182 5.421688 1.507798
3.089991 5.934840 1.507798
2.192943 6.321501 1.507798
1.249155 6.573430 1.507798
0.278745 6.685258 1.507798
-0.697607 6.654601 1.507798
-1.659091 6.482113 1.507798
-2.585214 6.171470 1.507798
-3.456237 5.729293 1.507798
-4.253597 5.165005 1.507798
-4.960299 4.490635 1.507798
-5.561281 3.720555 1.507798
-6.043733 2.871177 1.507798
-6.397374 1.960606 1.507798
-6.614666 1.008247 1.507798
-6.690978 0.034399 1.507798
-6.624683 -0.940181 1.507798
-6.417195 -1.894724 1.507798
-6.072935 -2.808884 1.507798
-5.599242 -3.663177 1.507798
-5.006210 -4.439396 1.507798
-4.306479 -5.120997 1.507798
-3.514963 -5.693453 1.507798
-2.648532 -6.144562 1.507798
-1.725653 -6.464711 1.507798
-0.765993 -6.647076 1.507798
0.209992 -6.687770 1.507798
1.181501 -6.585926 1.507798
2.127829 -6.343715 1.507798
3.028805 -5.966298 1.507798
3.865228 -5.461719 1.507798
4.619271 -4.840734 1.507798
5.274862 -4.116577 1.507798
5.818028 -3.304682 1.507798
6.237193 -2.422354 1.507798
6.761744 -1.030666 0.510271
6.839752 -0.035164 0.510271
6.771983 0.961086 0.510271
6.559882 1.936853 0.510271
6.207967 2.871339 0.510271
5.723741 3.744628 0.510271
5.117523 4.538106 0.510271
4.402234 5.234862 0.510271
3.593119 5.820047 0.510271
2.707423 6.281187 0.510271
1.764023 6.608455 0.510271
0.783025 6.794874 0.510271
-0.214661 6.836473 0.510271
-1.207772 6.732365 0.510271
-2.175141 6.484767 0.510271
-3.096151 6.098959 0.510271
-3.951172 5.583161 0.510271
-4.721981 4.948368 0.510271
-5.392148 4.208109 0.510271
-5.947392 3.378162 0.510271
-6.375877 2.476215 0.510271
-6.668471 1.521492 0.510271
-6.818939 0.534340 0.510271
-6.824073 -0.464199 0.510271
-6.683763 -1.452845 0.510271
-6.401001 -2.410527 0.510271
-5.981812 -3.316832 0.510271
-5.435131 -4.152444 0.510271
-4.772610 -4.899555 0.510271
-4.008370 -5.542240 0.510271
-3.158697 -6.066801 0.510271
-2.241703 -6.462060 0.510271
-1.276930 -6.719590 0.510271
-0.284942 -6.833905 0.510271
0.713119 -6.802566 0.510271
1.695981 -6.626243 0.510271
2.642696 -6.308693 0.510271
3.533087 -5.856684 0.510271
4.348176 -5.279850 0.510271
5.070591 -4.590485 0.510271
5.684936 -3.803282 0.510271
6.178116 -2.935018 0.510271
6.539620 -2.004200 0.510271
6.760864 -1.042021 -0.498735
6.840343 -0.069244 -0.498735
6.780573 0.904943 -0.498735
6.582769 1.860708 -0.498735
6.250960 2.778595 -0.498735
5.791899 3.639917 -0.498735
5.214931 4.427141 -0.498735
4.531803 5.124241 -0.498735
3.756420 5.717027 -0.498735
2.904568 6.193430 -0.498735
1.993586 6.543753 -0.498735
1.042021 6.760864 -0.498735
0.069244 6.840343 -0.498735
-0.904943 6.780573 -0.498735
-1.860708 6.582769 -0.498735
-2.778595 6.250960 -0.498735
-3.639917 5.791899 -0.498735
-4.427141 5.214931 -0.498735
-5.124241 4.531803 -0.498735
-5.717027 3.756420 -0.498735
-6.193430 2.904568 -0.498735
-6.543753 1.993586 -0.498735
-6.760864 1.042021 -0.498735
-6.840343 0.069244 -0.498735
-6.780573 -0.904943 -0.498735
-6.582769 -1.860708 -0.498735
-6.250960 -2.778595 -0.498735
-5.791899 -3.639917 -0.498735
-5.214931 -4.427141 -0.498735
-4.531803 -5.124241 -0.498735
-3.756420 -5.717027 -0.498735
-2.904568 -6.193430 -0.498735
-1.993586 -6.543753 -0.498735
-1.042021 -6.760864 -0.498735
-0.069244 -6.840343 -0.498735
0.904943 -6.780573 -0.498735
1.860708 -6.582769 -0.498735
2.778595 -6.250960 -0.498735
3.639917 -5.791899 -0.498735
4.427141 -5.214931 -0.498735
5.124241 -4.531803 -0.498735
5.717027 -3.756420 -0.498735
6.193430 -2.904568 -0.498735
6.543753 -1.993586 -0.498735
6.617978 -0.986275 -1.507798
6.691055 -0.012179 -1.507798
6.621525 0.962176 -1.507798
6.410867 1.916024 -1.507798
6.063574 2.829036 -1.507798
5.587046 3.681751 -1.507798
4.991439 4.455996 -1.507798
4.289449 5.135270 -1.507798
3.496037 5.705094 -1.507798
2.628112 6.153324 -1.507798
1.704174 6.470406 -1.507798
0.743915 6.649583 -1.507798
-0.232200 6.687036 -1.507798
-1.203366 6.581966 -1.507798
-2.148884 6.336613 -1.507798
-3.048602 5.956206 -1.507798
-3.883345 5.448853 -1.507798
-4.635321 4.825367 -1.507798
-5.288503 4.099037 -1.507798
-5.828970 3.285343 -1.507798
-6.245203 2.401627 -1.507798
-6.528330 1.466725 -1.507798
-6.672316 0.500562 -1.507798
-6.674095 -0.476269 -1.507798
-6.533626 -1.442950 -1.507798
-6.253904 -2.378876 -1.507798
-5.840891 -3.264101 -1.507798
-5.303390 -4.079757 -1.507798
-4.652857 -4.808461 -1.507798
-3.903155 -5.434680 -1.507798
-3.070265 -5.945069 -1.507798
-2.171937 -6.328748 -1.507798
-1.227319 -6.577542 -1.507798
-0.256542 -6.686147 -1.507798
0.719703 -6.652248 -1.507798
1.680608 -6.476567 -1.507798
2.605694 -6.162851 -1.507798
3.475245 -5.717783 -1.507798
4.270726 -5.150851 -1.507798
4.975185 -4.474138 -1.507798
5.573606 -3.702066 -1.507798
6.053235 -2.851091 -1.507798
6.403850 -1.939350 -1.507798
6.324391 -0.908810 -2.493986
6.389204 0.043942 -2.493986
6.311293 0.995713 -2.493986
6.092397 1.925241 -2.493986
5.737408 2.811762 -2.493986
5.254255 3.635473 -2.493986
4.653730 4.377974 -2.493986
3.949248 5.022678 -2.493986
3.156547 5.555184 -2.493986
2.293334 5.963596 -2.493986
1.378891 6.238791 -2.493986
0.433647 6.374622 -2.493986
-0.521285 6.368055 -2.493986
-1.464572 6.219235 -2.493986
-2.375143 5.931488 -2.493986
-3.232657 5.511242 -2.493986
-4.017959 4.967883 -2.493986
-4.713506 4.313550 -2.493986
-5.303762 3.562860 -2.493986
-5.775540 2.732581 -2.493986
-6.118302 1.841261 -2.493986
-6.324391 0.908810 -2.493986
-6.389204 -0.043942 -2.493986
-6.311293 -0.995713 -2.493986
-6.092397 -1.925241 -2.493986
-5.737408 -2.811762 -2.493986
-5.254255 -3.635473 -2.493986
-4.653730 -4.377974 -2.493986
-3.949248 -5.022678 -2.493986
-3.156547 -5.555184 -2.493986
-2.293334 -5.963596 -2.493986
-1.378891 -6.238791 -2.493986
-0.433647 -6.374622 -2.493986
0.521285 -6.368055 -2.493986
1.464572 -6.219235 -2.493986
2.375143 -5.931488 -2.493986
3.232657 -5.511242 -2.493986
4.017959 -4.967883 -2.493986
4.713506 -4.313550 -2.493986
5.303762 -3.562860 -2.493986
5.775540 -2.732581 -2.493986
6.118302 -1.841261 -2.493986
5.899603 -0.729561 -3.421440
5.939221 0.251432 -3.421440
5.816834 1.225567 -3.421440
5.535778 2.166271 -3.421440
5.103721 3.047885 -3.421440
4.532447 3.846361 -3.421440
3.837541 4.539918 -3.421440
3.037956 5.109638 -3.421440
2.155503 5.539980 -3.421440
1.214254 5.819206 -3.421440
0.239884 5.939699 -3.421440
-0.741031 5.898173 -3.421440
-1.701731 5.695760 -3.421440
-2.616013 5.337981 -3.421440
-3.458937 4.834597 -3.421440
-4.207510 4.199337 -3.421440
-4.841313 3.449530 -3.421440
-5.343058 2.605629 -3.421440
-5.699058 1.690653 -3.421440
-5.899603 0.729561 -3.421440
-5.939221 -0.251432 -3.421440
-5.816834 -1.225567 -3.421440
-5.535778 -2.166271 -3.421440
-5.103721 -3.047885 -3.421440
-4.532447 -3.846361 -3.421440
-3.837541 -4.539918 -3.421440
-3.037956 -5.109638 -3.421440
-2.155503 -5.539980 -3.421440
-1.214254 -5.819206 -3.421440
-0.239884 -5.939699 -3.421440
0.741031 -5.898173 -3.421440
1.701731 -5.695760 -3.421440
2.616013 -5.337981 -3.421440
3.458937 -4.834597 -3.421440
4.207510 -4.199337 -3.421440
4.841313 -3.449530 -3.421440
5.343058 -2.605629 -3.421440
5.699058 -1.690653 -3.421440
5.352306 -0.530115 -4.256245
5.358581 0.462395 -4.256245
5.182376 1.439158 -4.256245
4.829692 2.366913 -4.256245
4.312538 3.214065 -4.256245
3.648526 3.951766 -4.256245
2.860268 4.554895 -4.256245
1.974606 5.002912 -4.256245
1.021702 5.280561 -4.256245
0.034005 5.378387 -4.256245
-0.954850 5.293058 -4.256245
-1.911188 5.027480 -4.256245
-2.802444 4.590698 -4.256245
-3.598265 3.997585 -4.256245
-4.271552 3.268339 -4.256245
-4.799377 2.427794 -4.256245
-5.163764 1.504573 -4.256245
-5.352306 0.530115 -4.256245
-5.358581 -0.462395 -4.256245
-5.182376 -1.439158 -4.256245
-4.829692 -2.366913 -4.256245
-4.312538 -3.214065 -4.256245
-3.648526 -3.951766 -4.256245
-2.860268 -4.554895 -4.256245
-1.974606 -5.002912 -4.256245
-1.021702 -5.280561 -4.256245
-0.034005 -5.378387 -4.256245
0.954850 -5.293058 -4.256245
1.911188 -5.027480 -4.256245
2.802444 -4.590698 -4.256245
3.598265 -3.997585 -4.256245
4.271552 -3.268339 -4.256245
4.799377 -2.427794 -4.256245
5.163764 -1.504573 -4.256245
4.685573 -0.318746 -4.998763
4.649453 0.662405 -4.998763
4.410130 1.614606 -4.998763
3.978062 2.496240 -4.998763
3.372135 3.268777 -4.998763
2.618828 3.898453 -4.998763
1.751067 4.357747 -4.998763
0.806775 4.626587 -4.998763
-0.172776 4.693223 -4.998763
-1.144777 4.554743 -4.998763
-2.066745 4.217198 -4.998763
-2.898386 3.695342 -4.998763
-3.603354 3.011981 -4.998763
-4.150839 2.196983 -4.998763
-4.516911 1.285966 -4.998763
-4.685573 0.318746 -4.998763
-4.649453 -0.662405 -4.998763
-4.410130 -1.614606 -4.998763
-3.978062 -2.496240 -4.998763
-3.372135 -3.268777 -4.998763
-2.618828 -3.898453 -4.998763
-1.751067 -4.357747 -4.998763
-0.806775 -4.626587 -4.998763
0.172776 -4.693223 -4.998763
1.144777 -4.554743 -4.998763
2.066745 -4.217198 -4.998763
2.898386 -3.695342 -4.998763
3.603354 -3.011981 -4.998763
4.150839 -2.196983 -4.998763
4.516911 -1.285966 -4.998763
3.887517 -0.107500 -5.649733
3.800279 0.825968 -5.649733
3.492183 1.711433 -5.649733
2.981134 2.497436 -5.649733
2.296832 3.138297 -5.649733
1.479047 3.596771 -5.649733
0.575304 3.846215 -5.649733
-0.361872 3.872130 -5.649733
-1.278018 3.673011 -5.649733
-2.119891 3.260431 -5.649733
-2.838563 2.658365 -5.649733
-3.392268 1.901806 -5.649733
-3.748826 1.034720 -5.649733
-3.887517 0.107500 -5.649733
-3.800279 -0.825968 -5.649733
-3.492183 -1.711433 -5.649733
-2.981134 -2.497436 -5.649733
-2.296832 -3.138297 -5.649733
-1.479047 -3.596771 -5.649733
-0.575304 -3.846215 -5.649733
0.361872 -3.872130 -5.649733
1.278018 -3.673011 -5.649733
2.119891 -3.260431 -5.649733
2.838563 -2.658365 -5.649733
3.392268 -1.901806 -5.649733
3.748826 -1.034720 -5.649733
2.989103 0.202813 -6.169923
2.761292 1.162384 -6.169923
2.234252 1.995993 -6.169923
1.465096 2.613305 -6.169923
0.537174 2.947425 -6.169923
-0.448958 2.962146 -6.169923
-1.386440 2.655872 -6.169923
-2.173679 2.061793 -6.169923
-2.725366 1.244287 -6.169923
-2.981718 0.291943 -6.169923
-2.914954 -0.692037 -6.169923
-2.532309 -1.601025 -6.169923
-1.875250 -2.336516 -6.169923
-1.014978 -2.818810 -6.169923
-0.044718 -2.995642 -6.169923
0.930388 -2.847850 -6.169923
1.804673 -2.391449 -6.169923
2.483393 -1.675897 -6.169923
2.892998 -0.778736 -6.169923
2.008579 0.476855 -6.540798
1.556903 1.355668 -6.540798
0.748559 1.923913 -6.540798
-0.231271 2.051413 -6.540798
-1.158119 1.708959 -6.540798
-1.819657 0.975003 -6.540798
-2.064332 0.017686 -6.540798
-1.836094 -0.943683 -6.540798
-1.187229 -1.688866 -6.540798
-0.266384 -2.047149 -6.540798
0.715486 -1.936456 -6.540798
1.533447 -1.382143 -6.540798
2.000114 -0.511199 -6.540798
0.835179 0.677996 -6.773966
-0.009353 1.075693 -6.773966
-0.846842 0.663371 -6.773966
-1.046642 -0.248482 -6.773966
-0.458299 -0.973224 -6.773966
0.475152 -0.965108 -6.773966
1.050804 -0.230246 -6.773966
0.000000 0.000000 -6.858850
